0,76.259
1,72.912
2,72.166
3,69.709
4,66.476
5,64.321
6,63.983000000000004
7,63.83
8,64.178
9,64.383
10,66.393
11,68.103
12,69.539
13,71.755
14,69.027
15,66.453
16,65.353
17,65.753
18,70.813
19,73.812
20,73.881
21,72.018
22,69.305
23,72.537
24,71.248
25,66.715
26,65.635
27,63.523
28,61.615
29,61.926
30,64.473
31,69.038
32,73.021
33,75.09100000000001
34,76.995
35,78.293
36,79.774
37,80.395
38,78.169
39,76.10300000000001
40,74.95100000000001
41,75.763
42,80.72500000000001
43,83.56700000000001
44,80.85000000000001
45,76.518
46,73.286
47,76.235
48,75.058
49,70.919
50,70.052
51,68.111
52,66.404
53,66.636
54,70.337
55,77.757
56,82.934
57,83.645
58,84.357
59,84.093
60,84.308
61,83.616
62,81.626
63,79.247
64,78.385
65,79.235
66,85.045
67,88.32300000000001
68,85.218
69,80.43900000000001
70,76.96000000000001
71,79.45
72,78.41
73,74.116
74,73.936
75,71.72500000000001
76,69.615
77,69.71300000000001
78,73.343
79,80.256
80,85.33500000000001
81,85.991
82,86.322
83,86.179
84,86.363
85,85.73100000000001
86,83.633
87,80.985
88,79.772
89,79.902
90,84.791
91,87.644
92,84.199
93,79.435
94,75.992
95,78.298
96,77.415
97,73.02
98,72.628
99,70.153
100,67.874
101,68.356
102,71.931
103,79.377
104,84.273
105,84.346
106,84.443
107,83.529
108,83.043
109,81.762
110,79.428
111,76.983
112,76.153
113,77.007
114,83.241
115,87.297
116,84.443
117,80.164
118,76.906
119,80.238
120,78.988
121,75.053
122,75.34400000000001
123,73.476
124,71.534
125,72.026
126,75.988
127,83.327
128,88.843
129,89.242
130,89.142
131,87.613
132,86.60900000000001
133,85.07900000000001
134,82.061
135,79.226
136,78.036
137,79.055
138,85.967
139,88.781
140,86.649
141,82.69200000000001
142,79.69500000000001
143,82.91
144,82.025
145,77.918
146,77.803
147,75.022
148,72.787
149,71.927
150,73.172
151,75.025
152,78.292
153,80.535
154,82.819
155,82.773
156,82.873
157,83.593
158,79.803
159,76.792
160,75.135
161,75.184
162,80.259
163,82.733
164,81.032
165,77.861
166,74.989
167,78.767
168,78.194
169,73.8
170,72.715
171,69.267
172,66.47
173,65.007
174,65.377
175,66.001
176,67.415
177,68.953
178,71.774
179,73.711
180,74.973
181,75.915
182,71.605
183,68.586
184,66.92
185,66.677
186,71.478
187,75.59400000000001
188,74.887
189,72.459
190,69.908
191,72.789
192,72.265
193,68.024
194,67.626
195,65.361
196,63.529
197,64.05
198,68.102
199,75.0
200,80.293
201,80.935
202,81.294
203,81.06
204,81.385
205,80.724
206,79.05
207,76.985
208,75.886
209,76.331
210,80.534
211,83.377
212,80.233
213,75.644
214,72.153
215,74.679
216,73.289
217,68.787
218,68.262
219,65.883
220,63.876000000000005
221,63.967
222,67.615
223,75.113
224,80.006
225,80.289
226,80.561
227,80.396
228,80.895
229,80.32600000000001
230,78.881
231,76.895
232,75.984
233,76.209
234,80.676
235,83.123
236,79.97500000000001
237,75.203
238,71.224
239,73.616
240,72.619
241,67.909
242,67.059
243,65.168
244,63.0
245,63.249
246,67.057
247,73.825
248,78.917
249,79.359
250,79.508
251,78.782
252,79.277
253,78.767
254,77.32300000000001
255,74.95400000000001
256,73.645
257,73.492
258,77.683
259,80.693
260,77.679
261,73.34
262,69.71000000000001
263,71.751
264,70.914
265,66.375
266,65.231
267,63.301
268,61.134
269,61.004
270,64.482
271,71.652
272,76.899
273,76.857
274,77.063
275,76.657
276,77.155
277,76.706
278,75.34400000000001
279,73.911
280,73.21300000000001
281,73.834
282,77.84400000000001
283,80.435
284,77.206
285,72.477
286,69.297
287,71.166
288,71.01
289,66.95400000000001
290,65.955
291,64.151
292,62.487
293,63.046
294,67.023
295,74.34
296,79.82600000000001
297,80.544
298,80.802
299,80.156
300,80.337
301,79.537
302,77.998
303,76.156
304,75.244
305,75.697
306,80.643
307,83.107
308,80.546
309,76.346
310,73.26
311,76.143
312,75.098
313,70.505
314,69.181
315,66.69500000000001
316,64.45400000000001
317,63.882
318,65.372
319,67.377
320,70.47
321,72.89
322,74.891
323,74.426
324,74.761
325,75.624
326,72.202
327,69.69500000000001
328,68.276
329,68.682
330,73.802
331,76.889
332,75.428
333,72.232
334,69.779
335,73.896
336,73.792
337,69.869
338,68.686
339,65.994
340,63.248000000000005
341,62.284
342,62.702
343,63.499
344,65.221
345,67.029
346,70.166
347,71.97500000000001
348,73.34400000000001
349,74.35300000000001
350,70.574
351,68.242
352,67.261
353,67.714
354,72.583
355,76.382
356,75.558
357,72.99
358,69.88
359,72.9
360,72.624
361,68.894
362,68.06
363,65.625
364,63.622
365,64.011
366,67.999
367,75.421
368,80.334
369,80.783
370,81.264
371,81.153
372,81.776
373,81.31
374,80.051
375,78.066
376,77.174
377,77.508
378,82.249
379,86.193
380,83.35300000000001
381,78.922
382,75.724
383,78.743
384,78.025
385,73.837
386,74.186
387,72.379
388,70.604
389,71.408
390,75.615
391,83.179
392,88.157
393,88.471
394,88.265
395,87.381
396,87.029
397,85.861
398,83.612
399,81.359
400,80.544
401,81.31700000000001
402,87.111
403,91.97500000000001
404,89.244
405,84.904
406,81.383
407,84.321
408,83.555
409,79.441
410,79.69500000000001
411,77.789
412,75.94200000000001
413,76.282
414,80.215
415,87.392
416,92.302
417,92.936
418,92.83500000000001
419,91.555
420,91.027
421,89.71000000000001
422,87.136
423,84.641
424,83.735
425,84.011
426,89.45
427,94.006
428,91.04
429,86.741
430,83.273
431,85.952
432,85.477
433,81.652
434,82.20700000000001
435,79.93
436,77.937
437,78.227
438,81.989
439,89.39
440,93.743
441,93.528
442,93.181
443,91.709
444,91.141
445,89.671
446,86.881
447,84.239
448,82.971
449,83.279
450,89.142
451,93.884
452,91.285
453,87.08500000000001
454,83.653
455,86.56400000000001
456,85.96000000000001
457,81.965
458,82.339
459,80.23
460,78.205
461,78.619
462,82.41
463,89.21600000000001
464,93.912
465,94.236
466,93.533
467,91.798
468,90.577
469,88.887
470,85.398
471,82.21900000000001
472,80.502
473,80.609
474,86.138
475,90.299
476,88.05
477,84.152
478,81.342
479,84.763
480,84.12
481,79.849
482,79.895
483,77.368
484,74.752
485,74.342
486,75.69800000000001
487,77.952
488,81.395
489,83.783
490,85.464
491,84.509
492,83.31400000000001
493,82.898
494,78.159
495,74.348
496,72.107
497,72.043
498,77.9
499,82.509
500,81.352
501,78.545
502,76.801
503,81.086
504,80.938
505,77.131
506,76.446
507,74.031
508,71.364
509,70.685
510,71.209
511,72.253
512,74.294
513,76.106
514,78.998
515,79.71600000000001
516,80.172
517,80.199
518,75.282
519,71.73
520,70.138
521,70.205
522,75.043
523,80.94200000000001
524,80.422
525,77.923
526,75.755
527,79.20100000000001
528,78.45400000000001
529,75.197
530,75.197
531,73.09100000000001
532,71.194
533,71.861
534,76.146
535,83.324
536,87.995
537,88.416
538,88.501
539,87.822
540,87.653
541,86.32300000000001
542,83.667
543,81.025
544,79.485
545,79.678
546,84.57000000000001
547,89.68900000000001
548,87.038
549,82.70700000000001
550,79.3
551,82.209
552,81.508
553,77.708
554,77.959
555,76.07300000000001
556,74.086
557,74.4
558,78.404
559,85.783
560,90.663
561,90.651
562,90.558
563,89.507
564,89.155
565,87.922
566,85.549
567,82.83500000000001
568,81.633
569,81.487
570,85.785
571,90.732
572,87.83500000000001
573,83.517
574,79.96000000000001
575,82.865
576,82.052
577,77.795
578,78.05
579,75.95400000000001
580,73.987
581,74.196
582,77.93900000000001
583,84.892
584,89.524
585,90.306
586,90.848
587,90.774
588,90.682
589,90.116
590,88.876
591,86.822
592,85.804
593,85.495
594,89.006
595,93.523
596,90.58500000000001
597,86.187
598,82.669
599,85.53
600,84.782
601,80.794
602,81.081
603,79.132
604,76.96300000000001
605,77.14
606,80.91
607,88.269
608,92.813
609,93.159
610,93.03
611,91.626
612,90.784
613,88.894
614,85.57300000000001
615,82.47800000000001
616,80.882
617,80.655
618,85.111
619,90.624
620,87.807
621,83.27
622,79.773
623,82.053
624,81.04
625,77.124
626,77.035
627,74.432
628,71.978
629,72.132
630,75.68900000000001
631,82.54
632,87.392
633,87.221
634,87.165
635,86.44200000000001
636,86.137
637,84.897
638,82.277
639,79.581
640,77.749
641,77.283
642,80.433
643,83.28
644,80.369
645,75.82900000000001
646,72.731
647,75.166
648,74.18900000000001
649,69.581
650,67.858
651,65.114
652,62.564
653,61.804
654,62.978
655,65.07900000000001
656,67.7
657,69.796
658,71.895
659,71.762
660,72.144
661,72.577
662,69.083
663,66.392
664,64.756
665,64.174
666,67.993
667,72.565
668,71.507
669,68.672
670,66.393
671,70.526
672,70.807
673,66.909
674,65.654
675,63.074
676,60.302
677,59.339
678,59.787
679,61.105000000000004
680,62.466
681,64.024
682,66.78
683,67.875
684,68.429
685,68.998
686,64.574
687,61.615
688,60.044000000000004
689,60.023
690,64.185
691,70.007
692,70.532
693,68.054
694,65.738
695,68.916
696,68.565
697,64.637
698,63.752
699,61.565000000000005
700,59.258
701,59.338
702,63.316
703,70.673
704,75.217
705,75.506
706,75.813
707,75.94800000000001
708,76.488
709,76.081
710,74.744
711,72.592
712,71.268
713,70.655
714,73.409
715,77.569
716,74.254
717,69.465
718,65.596
719,68.009
720,66.958
721,62.27
722,61.119
723,58.895
724,56.948
725,57.019
726,60.65
727,68.138
728,72.94200000000001
729,72.879
730,73.045
731,72.821
732,73.209
733,72.34700000000001
734,70.532
735,68.424
736,67.058
737,66.473
738,69.33500000000001
739,74.331
740,71.549
741,66.827
742,63.686
743,66.256
744,65.699
745,61.208
746,60.009
747,57.711
748,55.839
749,56.068
750,59.805
751,66.805
752,71.577
753,71.995
754,71.742
755,71.151
756,71.5
757,70.69800000000001
758,69.039
759,66.68
760,65.479
761,65.165
762,68.034
763,73.417
764,71.047
765,66.45700000000001
766,63.027
767,65.708
768,65.09700000000001
769,60.697
770,59.708
771,57.550000000000004
772,55.639
773,55.656
774,59.181000000000004
775,66.558
776,71.312
777,70.872
778,70.67
779,70.274
780,70.629
781,70.181
782,68.905
783,67.182
784,66.336
785,66.095
786,68.764
787,73.409
788,70.682
789,65.927
790,62.685
791,65.087
792,64.475
793,60.103
794,58.881
795,56.935
796,55.037
797,55.576
798,59.385
799,66.834
800,71.845
801,71.986
802,72.037
803,71.506
804,71.68900000000001
805,71.148
806,69.449
807,67.843
808,66.668
809,66.35
810,69.078
811,73.843
812,71.658
813,67.703
814,64.885
815,67.861
816,66.983
817,61.97
818,60.496
819,57.973
820,55.631
821,54.758
822,56.084
823,58.447
824,60.815
825,63.083
826,65.387
827,65.286
828,66.18900000000001
829,67.136
830,63.954
831,61.762
832,60.167
833,59.841
834,62.691
835,67.871
836,66.735
837,63.555
838,61.467
839,65.07900000000001
840,65.226
841,61.129
842,59.599000000000004
843,56.666000000000004
844,54.09
845,52.986000000000004
846,53.469
847,54.513
848,55.647
849,57.699
850,60.809000000000005
851,63.058
852,64.903
853,66.238
854,62.528
855,60.109
856,58.623000000000005
857,58.521
858,61.562000000000005
859,67.892
860,67.69
861,65.121
862,62.885
863,66.147
864,65.628
865,61.865
866,61.278
867,59.161
868,57.364000000000004
869,57.909
870,62.234
871,69.767
872,74.361
873,75.354
874,75.70700000000001
875,75.294
876,75.756
877,74.875
878,73.155
879,71.098
880,70.111
881,69.696
882,72.33
883,78.392
884,75.545
885,70.73
886,67.057
887,69.618
888,68.736
889,64.165
890,63.068
891,60.784
892,58.622
893,58.93
894,62.788000000000004
895,69.82600000000001
896,74.147
897,74.797
898,75.02
899,74.59400000000001
900,74.615
901,73.78
902,71.806
903,69.714
904,68.281
905,67.959
906,70.501
907,76.774
908,74.373
909,69.78
910,66.33
911,69.306
912,68.411
913,63.949
914,63.078
915,61.001000000000005
916,59.14
917,59.544000000000004
918,63.569
919,70.632
920,75.111
921,76.102
922,76.309
923,75.877
924,76.47500000000001
925,76.08500000000001
926,74.69800000000001
927,72.721
928,71.634
929,70.926
930,73.191
931,79.283
932,76.69800000000001
933,72.325
934,68.877
935,71.666
936,71.117
937,66.787
938,66.114
939,64.08500000000001
940,62.336
941,62.443
942,66.58
943,73.989
944,78.434
945,79.007
946,79.484
947,78.94
948,78.999
949,78.086
950,76.33800000000001
951,73.997
952,72.778
953,72.406
954,74.95100000000001
955,81.717
956,79.095
957,74.536
958,71.33500000000001
959,74.211
960,73.621
961,69.072
962,68.134
963,66.069
964,64.32000000000001
965,64.901
966,68.735
967,76.077
968,80.09700000000001
969,80.84400000000001
970,80.862
971,80.047
972,79.885
973,78.808
974,75.979
975,73.70100000000001
976,71.997
977,71.635
978,74.18
979,80.031
980,77.998
981,73.819
982,71.052
983,74.396
984,73.658
985,68.811
986,68.396
987,65.729
988,63.357
989,62.581
990,63.995000000000005
991,66.395
992,68.623
993,71.337
994,73.318
995,73.889
996,74.401
997,75.32000000000001
998,72.32000000000001
999,69.587
1000,68.071
1001,67.53
1002,69.869
1003,75.425
1004,73.915
1005,70.395
1006,68.072
1007,71.83
1008,71.396
1009,67.138
1010,66.178
1011,63.413000000000004
1012,60.648
1013,59.621
1014,60.09
1015,60.971000000000004
1016,61.994
1017,64.257
1018,66.932
1019,68.372
1020,69.601
1021,70.177
1022,65.846
1023,62.75
1024,60.859
1025,60.399
1026,62.621
1027,69.856
1028,69.781
1029,67.109
1030,64.424
1031,67.529
1032,66.681
1033,62.646
1034,61.729
1035,59.678000000000004
1036,57.777
1037,58.215
1038,62.535000000000004
1039,68.911
1040,73.061
1041,74.21900000000001
1042,74.745
1043,73.985
1044,73.768
1045,72.724
1046,70.548
1047,68.318
1048,66.971
1049,66.467
1050,68.528
1051,75.25
1052,73.373
1053,69.011
1054,65.602
1055,68.401
1056,67.334
1057,63.050000000000004
1058,62.061
1059,59.904
1060,57.844
1061,58.173
1062,61.662
1063,67.915
1064,71.686
1065,73.161
1066,73.561
1067,72.752
1068,72.9
1069,71.622
1070,69.668
1071,66.94800000000001
1072,64.622
1073,63.857
1074,65.412
1075,72.429
1076,70.638
1077,66.152
1078,63.155
1079,66.182
1080,65.548
1081,61.003
1082,59.927
1083,57.807
1084,56.065
1085,56.309000000000005
1086,59.914
1087,65.989
1088,69.358
1089,70.758
1090,70.232
1091,68.949
1092,68.662
1093,67.148
1094,64.863
1095,62.334
1096,60.620000000000005
1097,59.576
1098,61.419000000000004
1099,69.121
1100,67.755
1101,63.812000000000005
1102,61.117000000000004
1103,64.238
1104,63.605000000000004
1105,59.121
1106,58.359
1107,56.337
1108,54.752
1109,55.013
1110,58.603
1111,65.239
1112,68.863
1113,70.29
1114,69.985
1115,68.854
1116,68.663
1117,67.376
1118,65.016
1119,62.808
1120,61.303000000000004
1121,60.404
1122,62.024
1123,69.13
1124,68.144
1125,63.949
1126,61.281
1127,64.414
1128,64.191
1129,59.701
1130,58.716
1131,56.869
1132,55.118
1133,55.569
1134,59.252
1135,65.512
1136,69.301
1137,70.83500000000001
1138,70.912
1139,69.729
1140,69.414
1141,67.949
1142,65.055
1143,62.300000000000004
1144,60.258
1145,59.19
1146,60.877
1147,67.987
1148,67.032
1149,63.387
1150,60.944
1151,64.596
1152,64.309
1153,59.812000000000005
1154,58.734
1155,56.511
1156,54.543
1157,54.123000000000005
1158,55.724000000000004
1159,58.363
1160,60.01
1161,62.825
1162,64.001
1163,62.867000000000004
1164,62.198
1165,62.088
1166,58.086
1167,55.129
1168,53.155
1169,52.18
1170,54.349000000000004
1171,62.387
1172,62.561
1173,60.037
1174,58.687000000000005
1175,63.089
1176,63.484
1177,59.469
1178,58.764
1179,56.583
1180,54.371
1181,53.719
1182,54.731
1183,56.222
1184,57.028
1185,59.177
1186,60.498000000000005
1187,60.342
1188,60.222
1189,60.313
1190,55.821
1191,52.881
1192,51.288000000000004
1193,51.06
1194,53.768
1195,61.979
1196,62.606
1197,60.287
1198,58.486000000000004
1199,61.902
1200,61.559000000000005
1201,57.814
1202,57.057
1203,55.006
1204,53.31
1205,53.822
1206,57.757
1207,64.09100000000001
1208,67.715
1209,69.398
1210,69.798
1211,69.239
1212,69.84700000000001
1213,69.164
1214,67.535
1215,65.311
1216,63.728
1217,63.014
1218,64.059
1219,71.184
1220,69.233
1221,64.605
1222,61.212
1223,63.742000000000004
1224,62.910000000000004
1225,58.259
1226,57.265
1227,54.846000000000004
1228,52.885
1229,52.958
1230,56.561
1231,62.812000000000005
1232,66.071
1233,67.614
1234,67.993
1235,67.748
1236,68.248
1237,67.396
1238,65.783
1239,63.651
1240,62.591
1241,61.738
1242,63.17
1243,69.519
1244,67.785
1245,63.429
1246,60.128
1247,62.701
1248,61.885
1249,57.413000000000004
1250,56.097
1251,53.919000000000004
1252,51.973
1253,52.197
1254,55.868
1255,62.06
1256,65.312
1257,67.139
1258,67.608
1259,67.412
1260,68.21900000000001
1261,67.572
1262,65.743
1263,63.758
1264,62.158
1265,61.233000000000004
1266,62.535000000000004
1267,69.374
1268,68.098
1269,63.463
1270,60.249
1271,63.192
1272,62.617000000000004
1273,58.183
1274,57.156
1275,54.707
1276,52.939
1277,53.356
1278,57.065
1279,63.516
1280,66.852
1281,68.139
1282,68.589
1283,68.236
1284,68.769
1285,67.849
1286,65.907
1287,63.749
1288,62.216
1289,61.525
1290,63.017
1291,69.94500000000001
1292,68.68900000000001
1293,64.17
1294,61.287
1295,64.015
1296,63.277
1297,58.829
1298,57.462
1299,55.288000000000004
1300,53.294000000000004
1301,53.88
1302,57.406
1303,63.681000000000004
1304,67.22200000000001
1305,68.974
1306,69.09100000000001
1307,68.39
1308,68.772
1309,68.002
1310,65.834
1311,63.512
1312,61.842
1313,61.034
1314,62.569
1315,69.686
1316,69.358
1317,65.778
1318,63.634
1319,67.167
1320,66.568
1321,62.071
1322,61.02
1323,58.821
1324,56.806000000000004
1325,56.327
1326,58.047000000000004
1327,60.656
1328,61.898
1329,64.34
1330,64.781
1331,63.319
1332,62.753
1333,63.031
1334,59.027
1335,56.14
1336,54.274
1337,53.33
1338,55.428000000000004
1339,62.871
1340,63.532000000000004
1341,60.896
1342,58.842
1343,62.908
1344,63.029
1345,59.009
1346,57.859
1347,55.274
1348,52.875
1349,51.892
1350,52.485
1351,53.714
1352,53.875
1353,56.055
1354,57.783
1355,58.335
1356,58.818
1357,59.528
1358,55.347
1359,52.848
1360,51.217
1361,50.57
1362,52.74
1363,60.669000000000004
1364,61.602000000000004
1365,59.085
1366,56.743
1367,59.74
1368,59.585
1369,55.86
1370,55.03
1371,53.104
1372,51.212
1373,51.747
1374,56.016
1375,63.31
1376,66.193
1377,67.667
1378,68.113
1379,67.903
1380,68.468
1381,68.22
1382,67.184
1383,65.129
1384,64.145
1385,63.807
1386,65.273
1387,72.308
1388,71.036
1389,66.264
1390,62.807
1391,65.413
1392,64.793
1393,60.529
1394,59.428000000000004
1395,57.334
1396,55.335
1397,55.84
1398,59.804
1399,67.157
1400,70.202
1401,71.755
1402,72.393
1403,72.486
1404,73.131
1405,72.122
1406,70.831
1407,68.741
1408,67.421
1409,66.644
1410,67.748
1411,74.68900000000001
1412,73.797
1413,69.349
1414,65.83800000000001
1415,68.391
1416,67.658
1417,62.979
1418,61.97
1419,59.609
1420,57.663000000000004
1421,58.019
1422,61.78
1423,68.396
1424,71.382
1425,72.70700000000001
1426,73.033
1427,72.621
1428,73.25
1429,72.896
1430,71.465
1431,69.399
1432,67.72200000000001
1433,66.681
1434,67.863
1435,73.664
1436,72.308
1437,67.394
1438,63.618
1439,66.35
1440,65.71900000000001
1441,61.186
1442,59.975
1443,57.681000000000004
1444,55.846000000000004
1445,56.223
1446,60.108000000000004
1447,67.617
1448,69.992
1449,70.648
1450,69.718
1451,68.388
1452,67.94
1453,67.028
1454,64.891
1455,62.453
1456,60.738
1457,60.135
1458,61.119
1459,69.46900000000001
1460,69.23
1461,64.464
1462,61.432
1463,64.212
1464,63.536
1465,59.134
1466,58.823
1467,56.185
1468,54.269
1469,54.617000000000004
1470,58.38
1471,65.163
1472,67.026
1473,68.57300000000001
1474,68.48
1475,67.511
1476,67.21000000000001
1477,66.086
1478,63.61
1479,61.312000000000005
1480,59.873000000000005
1481,58.857
1482,60.29
1483,66.101
1484,65.57300000000001
1485,61.601
1486,58.515
1487,61.553000000000004
1488,60.78
1489,55.615
1490,54.698
1491,52.22
1492,49.82
1493,49.267
1494,50.597
1495,52.828
1496,54.28
1497,57.627
1498,60.087
1499,60.537
1500,61.599000000000004
1501,62.605000000000004
1502,59.919000000000004
1503,57.716
1504,56.448
1505,55.746
1506,57.358000000000004
1507,63.011
1508,63.706
1509,60.431000000000004
1510,58.335
1511,62.313
1512,62.34
1513,58.071
1514,56.847
1515,54.29
1516,51.774
1517,50.854
1518,51.604
1519,52.731
1520,53.215
1521,56.114000000000004
1522,59.012
1523,60.636
1524,62.172000000000004
1525,63.325
1526,59.596000000000004
1527,56.624
1528,55.094
1529,54.594
1530,56.183
1531,62.973
1532,65.122
1533,62.454
1534,59.82
1535,62.847
1536,62.293
1537,58.178000000000004
1538,57.18
1539,54.94
1540,53.106
1541,53.673
1542,57.962
1543,65.221
1544,68.32300000000001
1545,69.822
1546,70.878
1547,71.23
1548,71.53
1549,70.784
1550,68.859
1551,66.685
1552,65.757
1553,65.32900000000001
1554,66.542
1555,73.143
1556,72.84400000000001
1557,67.856
1558,64.086
1559,66.943
1560,65.586
1561,61.166000000000004
1562,59.94
1563,57.853
1564,56.245000000000005
1565,56.511
1566,60.526
1567,67.793
1568,70.424
1569,71.293
1570,71.555
1571,71.17
1572,71.598
1573,71.286
1574,69.353
1575,67.362
1576,66.13
1577,65.459
1578,66.802
1579,73.325
1580,73.036
1581,67.897
1582,64.428
1583,67.346
1584,66.254
1585,61.548
1586,60.410000000000004
1587,58.326
1588,56.487
1589,56.646
1590,60.338
1591,67.206
1592,70.19800000000001
1593,71.492
1594,71.32300000000001
1595,70.658
1596,70.568
1597,70.025
1598,68.354
1599,66.34100000000001
1600,65.104
1601,64.248
1602,64.947
1603,70.69800000000001
1604,69.798
1605,64.551
1606,61.023
1607,63.385
1608,62.502
1609,57.803000000000004
1610,56.491
1611,54.037
1612,51.831
1613,51.976
1614,55.838
1615,62.95
1616,65.833
1617,66.388
1618,66.376
1619,66.029
1620,65.82300000000001
1621,64.997
1622,63.176
1623,61.172000000000004
1624,59.68
1625,58.704
1626,59.219
1627,65.41
1628,65.88
1629,61.065
1630,57.715
1631,60.572
1632,59.975
1633,55.703
1634,54.469
1635,52.191
1636,50.522
1637,51.097
1638,55.03
1639,62.069
1640,65.159
1641,65.734
1642,65.15
1643,63.903
1644,63.151
1645,62.402
1646,59.563
1647,57.156
1648,55.277
1649,53.947
1650,54.552
1651,60.042
1652,62.194
1653,58.252
1654,55.679
1655,59.1
1656,58.601
1657,53.921
1658,52.632
1659,50.117000000000004
1660,48.279
1661,48.277
1662,49.862
1663,51.937
1664,53.736000000000004
1665,55.551
1666,56.01
1667,54.791000000000004
1668,54.344
1669,54.759
1670,51.120000000000005
1671,48.624
1672,46.728
1673,45.778
1674,47.119
1675,53.074
1676,55.294000000000004
1677,52.405
1678,50.545
1679,54.498000000000005
1680,54.927
1681,50.744
1682,49.521
1683,46.851
1684,44.358000000000004
1685,43.425000000000004
1686,44.04
1687,44.807
1688,45.399
1689,48.244
1690,50.505
1691,51.683
1692,52.892
1693,53.854
1694,49.876
1695,47.489000000000004
1696,46.395
1697,45.907000000000004
1698,48.096000000000004
1699,54.425000000000004
1700,57.004
1701,54.594
1702,52.231
1703,55.455
1704,55.195
1705,51.435
1706,50.742000000000004
1707,48.746
1708,47.106
1709,47.88
1710,52.554
1711,59.408
1712,62.551
1713,63.238
1714,62.971000000000004
1715,62.123000000000005
1716,61.918
1717,61.267
1718,59.27
1719,57.171
1720,55.714
1721,54.731
1722,55.817
1723,62.152
1724,63.779
1725,58.972
1726,55.817
1727,58.793
1728,58.511
1729,54.01
1730,53.313
1731,51.474000000000004
1732,50.045
1733,50.756
1734,55.359
1735,62.214
1736,65.396
1737,65.522
1738,64.377
1739,62.917
1740,62.541000000000004
1741,61.572
1742,59.871
1743,57.692
1744,56.123000000000005
1745,55.079
1746,56.302
1747,62.394
1748,64.178
1749,59.376000000000005
1750,56.357
1751,58.986000000000004
1752,58.139
1753,53.615
1754,52.61
1755,50.426
1756,48.766
1757,49.149
1758,53.123
1759,59.612
1760,62.838
1761,63.905
1762,63.602000000000004
1763,62.7
1764,62.652
1765,61.576
1766,59.709
1767,57.231
1768,55.53
1769,54.24
1770,54.783
1771,60.379
1772,62.982
1773,58.658
1774,55.459
1775,58.468
1776,58.124
1777,53.657000000000004
1778,52.874
1779,50.835
1780,49.242000000000004
1781,49.835
1782,54.158
1783,60.973
1784,63.954
1785,63.788000000000004
1786,62.197
1787,60.565
1788,59.854
1789,58.729
1790,56.675000000000004
1791,54.664
1792,52.753
1793,51.660000000000004
1794,52.044000000000004
1795,57.305
1796,60.319
1797,56.120000000000005
1798,53.09
1799,56.231
1800,55.495000000000005
1801,51.215
1802,50.104
1803,48.101
1804,46.498
1805,46.879
1806,50.954
1807,56.997
1808,60.422000000000004
1809,61.4
1810,61.109
1811,60.457
1812,60.366
1813,59.716
1814,57.492000000000004
1815,55.537
1816,53.638
1817,52.584
1818,53.576
1819,58.354
1820,61.135
1821,56.93
1822,54.617000000000004
1823,57.726
1824,56.818
1825,51.966
1826,50.549
1827,47.922000000000004
1828,45.777
1829,45.361000000000004
1830,46.624
1831,48.193
1832,50.266
1833,53.555
1834,55.384
1835,55.846000000000004
1836,56.997
1837,57.76
1838,54.675000000000004
1839,52.279
1840,50.825
1841,50.014
1842,51.024
1843,55.550000000000004
1844,57.18
1845,53.834
1846,51.635
1847,55.166000000000004
1848,54.885
1849,50.378
1850,48.867000000000004
1851,46.14
1852,43.618
1853,42.72
1854,43.324
1855,43.406
1856,44.730000000000004
1857,47.385
1858,49.505
1859,50.733000000000004
1860,52.232
1861,53.246
1862,49.288000000000004
1863,46.986000000000004
1864,45.484
1865,44.725
1866,46.551
1867,51.704
1868,55.491
1869,52.963
1870,50.588
1871,53.679
1872,53.268
1873,49.177
1874,48.042
1875,45.858000000000004
1876,43.874
1877,44.577
1878,48.941
1879,54.974000000000004
1880,59.108000000000004
1881,60.699
1882,61.177
1883,61.168
1884,61.725
1885,61.707
1886,60.248000000000005
1887,58.531
1888,57.197
1889,56.341
1890,57.334
1891,62.258
1892,63.507
1893,58.555
1894,55.143
1895,58.111000000000004
1896,57.403
1897,52.44
1898,51.02
1899,48.724000000000004
1900,46.987
1901,47.358000000000004
1902,51.285000000000004
1903,57.463
1904,61.172000000000004
1905,62.551
1906,62.489000000000004
1907,62.497
1908,63.28
1909,62.634
1910,60.856
1911,59.144
1912,57.962
1913,56.919000000000004
1914,58.061
1915,63.177
1916,65.63
1917,60.822
1918,57.774
1919,60.957
1920,60.183
1921,55.307
1922,54.46
1923,52.316
1924,50.655
1925,51.345
1926,55.499
1927,61.324
1928,64.807
1929,65.803
1930,65.735
1931,64.875
1932,64.70700000000001
1933,63.896
1934,62.562000000000005
1935,60.692
1936,59.176
1937,58.761
1938,59.974000000000004
1939,64.97
1940,66.408
1941,61.716
1942,58.309000000000005
1943,61.187000000000005
1944,60.368
1945,55.937
1946,55.491
1947,53.021
1948,51.046
1949,51.371
1950,55.194
1951,61.355000000000004
1952,64.943
1953,65.447
1954,65.228
1955,65.517
1956,65.619
1957,64.98
1958,63.364000000000004
1959,61.482
1960,60.557
1961,59.629
1962,60.619
1963,65.52
1964,66.987
1965,62.27
1966,58.902
1967,61.811
1968,60.983000000000004
1969,56.316
1970,55.749
1971,53.326
1972,51.6
1973,51.779
1974,55.998000000000005
1975,62.097
1976,65.777
1977,67.041
1978,67.024
1979,66.226
1980,65.851
1981,64.995
1982,62.699
1983,60.814
1984,59.336
1985,58.252
1986,59.353
1987,62.768
1988,64.666
1989,60.362
1990,57.457
1991,60.476
1992,59.272
1993,54.179
1994,53.36
1995,50.632
1996,48.497
1997,48.032000000000004
1998,49.483000000000004
1999,50.633
2000,52.97
2001,55.511
2002,56.767
2003,56.121
2004,56.548
2005,57.068
2006,53.482
2007,51.18
2008,49.431000000000004
2009,48.432
2010,49.401
2011,53.412
2012,57.159
2013,54.273
2014,52.329
2015,56.222
2016,56.248000000000005
2017,52.157000000000004
2018,50.72
2019,50.72
2020,48.535000000000004
2021,45.996
2022,45.792
2023,46.734
2024,46.888
2025,49.107
2026,50.559000000000005
2027,51.494
2028,51.95
2029,53.073
2030,48.916000000000004
2031,45.872
2032,43.505
2033,42.153
2034,42.787
2035,45.808
2036,49.365
2037,52.224000000000004
2038,50.499
2039,53.636
2040,53.181000000000004
2041,49.363
2042,48.679
2043,46.608000000000004
2044,45.093
2045,45.729
2046,49.915
2047,57.356
2048,60.947
2049,61.775
2050,61.192
2051,59.931000000000004
2052,59.315
2053,58.598
2054,56.663000000000004
2055,54.532000000000004
2056,52.537
2057,50.911
2058,50.69
2059,53.274
2060,54.306000000000004
2061,55.043
2062,52.225
2063,55.198
2064,54.777
2065,49.943
2066,49.352000000000004
2067,47.196
2068,45.337
2069,45.565
2070,49.227000000000004
2071,56.472
2072,60.101
2073,60.795
2074,60.2
2075,58.992000000000004
2076,58.601
2077,57.869
2078,55.979
2079,54.294000000000004
2080,52.653
2081,50.949
2082,51.271
2083,53.674
2084,53.856
2085,54.814
2086,51.997
2087,54.859
2088,54.104
2089,49.38
2090,48.116
2091,46.117000000000004
2092,44.537
2093,44.851
2094,48.7
2095,55.655
2096,59.07
2097,59.953
2098,59.484
2099,58.665
2100,58.345
2101,57.623000000000005
2102,55.591
2103,53.609
2104,51.969
2105,50.219
2106,49.938
2107,52.071
2108,52.59
2109,53.551
2110,50.706
2111,53.506
2112,52.861000000000004
2113,48.383
2114,47.049
2115,44.95
2116,43.131
2117,43.636
2118,47.154
2119,54.449
2120,57.489000000000004
2121,58.174
2122,57.579
2123,56.595
2124,56.274
2125,55.815
2126,54.135
2127,52.352000000000004
2128,50.963
2129,49.377
2130,49.325
2131,51.335
2132,51.245000000000005
2133,51.994
2134,49.344
2135,51.924
2136,51.276
2137,46.522
2138,45.092
2139,42.973
2140,41.051
2141,41.287
2142,44.448
2143,51.156
2144,54.239000000000004
2145,55.410000000000004
2146,55.824
2147,55.403
2148,55.641
2149,55.581
2150,53.589
2151,51.870000000000005
2152,50.128
2153,48.721000000000004
2154,48.655
2155,50.445
2156,50.983000000000004
2157,51.543
2158,49.435
2159,52.353
2160,51.511
2161,46.445
2162,44.633
2163,42.255
2164,40.111000000000004
2165,39.588
2166,40.742
2167,43.105000000000004
2168,44.507
2169,47.706
2170,50.189
2171,50.629
2172,51.576
2173,52.775
2174,49.565
2175,47.822
2176,46.29
2177,45.082
2178,45.730000000000004
2179,48.157000000000004
2180,49.133
2181,49.898
2182,48.333
2183,52.055
2184,52.24
2185,47.465
2186,45.909
2187,43.160000000000004
2188,40.949
2189,40.111000000000004
2190,40.676
2191,41.837
2192,42.325
2193,45.086
2194,47.498
2195,48.606
2196,49.761
2197,50.785000000000004
2198,47.089
2199,44.611000000000004
2200,42.764
2201,41.660000000000004
2202,42.528
2203,45.836
2204,47.69
2205,49.899
2206,48.394
2207,51.548
2208,51.421
2209,47.152
2210,46.217
2211,44.154
2212,42.644
2213,43.421
2214,47.668
2215,54.758
2216,58.141
2217,59.417
2218,59.144
2219,58.058
2220,57.82
2221,56.913000000000004
2222,55.032000000000004
2223,53.108000000000004
2224,51.448
2225,49.651
2226,49.359
2227,51.911
2228,52.326
2229,52.825
2230,50.452
2231,52.978
2232,52.394
2233,47.733000000000004
2234,46.695
2235,44.643
2236,42.821
2237,43.271
2238,46.972
2239,53.814
2240,56.945
2241,58.317
2242,58.163000000000004
2243,57.76
2244,57.957
2245,57.426
2246,55.831
2247,54.061
2248,52.774
2249,51.277
2250,51.303000000000004
2251,53.758
2252,53.886
2253,53.978
2254,51.597
2255,54.219
2256,53.703
2257,48.691
2258,47.361000000000004
2259,45.172000000000004
2260,43.595
2261,43.902
2262,47.332
2263,53.735
2264,57.053000000000004
2265,58.658
2266,59.015
2267,58.517
2268,58.674
2269,58.058
2270,56.341
2271,54.424
2272,52.912
2273,51.328
2274,51.317
2275,53.836
2276,53.762
2277,54.542
2278,52.289
2279,54.796
2280,54.336
2281,49.712
2282,48.603
2283,46.496
2284,44.931
2285,45.423
2286,49.198
2287,56.093
2288,59.283
2289,60.371
2290,60.194
2291,59.515
2292,59.419000000000004
2293,58.686
2294,56.855000000000004
2295,55.022
2296,53.199
2297,51.583
2298,51.448
2299,53.496
2300,53.945
2301,54.964
2302,52.818
2303,55.725
2304,55.213
2305,50.573
2306,49.376
2307,47.615
2308,46.205
2309,46.513
2310,50.382
2311,57.042
2312,60.441
2313,61.095
2314,60.401
2315,59.109
2316,58.322
2317,57.612
2318,55.313
2319,52.946
2320,50.88
2321,49.138
2322,49.026
2323,50.164
2324,50.284
2325,51.905
2326,50.4
2327,53.365
2328,52.68
2329,47.597
2330,46.198
2331,43.625
2332,41.915
2333,41.343
2334,42.929
2335,44.817
2336,46.321
2337,48.668
2338,49.814
2339,48.944
2340,48.895
2341,49.941
2342,46.821
2343,44.906
2344,43.013
2345,41.550000000000004
2346,41.786
2347,43.361000000000004
2348,43.811
2349,45.757
2350,44.967
2351,48.496
2352,48.566
2353,44.065
2354,42.563
2355,39.984
2356,37.788000000000004
2357,37.135
2358,37.801
2359,38.452
2360,39.377
2361,41.742
2362,43.268
2363,43.635
2364,44.14
2365,45.416000000000004
2366,42.141
2367,40.26
2368,38.86
2369,37.799
2370,38.383
2371,40.497
2372,42.165
2373,44.995
2374,44.315
2375,47.229
2376,46.747
2377,42.465
2378,41.208
2379,39.164
2380,37.57
2381,38.108000000000004
2382,41.887
2383,47.073
2384,50.429
2385,52.796
2386,53.741
2387,53.822
2388,54.432
2389,54.471000000000004
2390,53.21
2391,51.701
2392,50.125
2393,48.526
2394,48.339
2395,50.092
2396,50.03
2397,50.517
2398,48.806000000000004
2399,51.721000000000004
2400,50.93
2401,46.292
2402,45.064
2403,42.92
2404,41.308
2405,41.582
2406,44.939
2407,49.870000000000005
2408,53.502
2409,55.699
2410,56.103
2411,55.606
2412,56.133
2413,55.709
2414,54.182
2415,52.432
2416,50.767
2417,49.353
2418,48.989000000000004
2419,50.800000000000004
2420,50.869
2421,51.416000000000004
2422,49.707
2423,52.593
2424,52.003
2425,47.292
2426,46.098
2427,44.064
2428,42.616
2429,43.2
2430,46.405
2431,51.469
2432,55.004
2433,56.484
2434,56.647
2435,56.367000000000004
2436,56.505
2437,55.808
2438,54.462
2439,52.738
2440,51.171
2441,49.567
2442,49.396
2443,51.370000000000005
2444,51.248
2445,51.432
2446,50.095
2447,52.916000000000004
2448,52.163000000000004
2449,47.418
2450,46.017
2451,43.755
2452,42.099000000000004
2453,42.461
2454,45.928000000000004
2455,50.733000000000004
2456,53.944
2457,55.927
2458,56.823
2459,56.516
2460,56.797000000000004
2461,56.494
2462,54.558
2463,53.478
2464,51.899
2465,50.339
2466,50.222
2467,51.747
2468,51.78
2469,51.71
2470,50.377
2471,53.133
2472,52.469
2473,47.296
2474,45.858000000000004
2475,43.53
2476,41.829
2477,42.032000000000004
2478,44.951
2479,49.631
2480,52.847
2481,55.018
2482,55.959
2483,55.585
2484,55.806000000000004
2485,55.679
2486,53.861000000000004
2487,51.782000000000004
2488,49.801
2489,48.147
2490,48.239000000000004
2491,49.695
2492,49.697
2493,50.289
2494,49.356
2495,52.399
2496,51.577
2497,46.438
2498,44.851
2499,42.116
2500,40.091
2501,39.43
2502,40.634
2503,41.574
2504,43.371
2505,46.412
2506,48.432
2507,49.078
2508,50.097
2509,51.519
2510,48.786
2511,46.875
2512,45.216
2513,44.156
2514,44.732
2515,46.776
2516,47.428000000000004
2517,48.096000000000004
2518,47.335
2519,51.004
2520,50.653
2521,45.868
2522,44.337
2523,41.732
2524,39.529
2525,38.621
2526,39.218
2527,39.376
2528,40.81
2529,43.593
2530,45.656
2531,46.419000000000004
2532,46.938
2533,47.681000000000004
2534,43.904
2535,41.832
2536,40.421
2537,39.558
2538,39.822
2539,42.157000000000004
2540,43.857
2541,45.922000000000004
2542,46.038000000000004
2543,49.895
2544,49.562
2545,45.013
2546,43.938
2547,41.453
2548,39.547000000000004
2549,39.164
2550,40.295
2551,40.662
2552,41.919000000000004
2553,44.352000000000004
2554,46.668
2555,47.695
2556,48.829
2557,49.962
2558,46.495
2559,44.586
2560,42.883
2561,42.219
2562,43.075
2563,45.688
2564,47.009
2565,48.138
2566,48.039
2567,51.517
2568,50.769
2569,46.399
2570,45.444
2571,43.567
2572,42.201
2573,43.041000000000004
2574,47.125
2575,52.301
2576,56.379
2577,58.493
2578,58.971000000000004
2579,58.753
2580,59.697
2581,59.36
2582,57.815
2583,55.973
2584,54.300000000000004
2585,52.665
2586,52.436
2587,54.417
2588,54.378
2589,54.533
2590,54.059000000000005
2591,57.209
2592,56.276
2593,51.648
2594,50.743
2595,48.842
2596,47.44
2597,47.84
2598,51.34
2599,56.181000000000004
2600,60.5
2601,61.767
2602,61.791000000000004
2603,61.052
2604,61.391
2605,60.865
2606,59.13
2607,56.979
2608,55.163000000000004
2609,53.744
2610,53.872
2611,55.976
2612,56.232
2613,56.119
2614,55.76
2615,58.804
2616,58.306000000000004
2617,53.832
2618,52.885
2619,50.800000000000004
2620,49.557
2621,50.098
2622,54.003
2623,58.712
2624,62.713
2625,64.203
2626,63.633
2627,62.517
2628,62.357
2629,61.497
2630,59.416000000000004
2631,57.167
2632,55.222
2633,53.304
2634,53.044000000000004
2635,55.04
2636,55.233000000000004
2637,55.346000000000004
2638,55.201
2639,58.502
2640,58.062000000000005
2641,53.416000000000004
2642,52.379
2643,50.253
2644,48.884
2645,49.478
2646,53.127
2647,57.669000000000004
2648,61.639
2649,62.951
2650,62.289
2651,61.014
2652,60.395
2653,59.668
2654,57.199
2655,54.815
2656,52.792
2657,51.011
2658,50.861000000000004
2659,52.183
2660,52.058
2661,52.304
2662,52.265
2663,55.484
2664,54.723
2665,49.743
2666,48.411
2667,45.89
2668,43.883
2669,43.445
2670,44.753
2671,45.697
2672,47.696
2673,50.008
2674,51.405
2675,51.194
2676,51.398
2677,52.436
2678,49.409
2679,47.293
2680,45.655
2681,44.351
2682,44.852000000000004
2683,46.757
2684,47.016
2685,47.592
2686,47.688
2687,51.453
2688,51.72
2689,47.044000000000004
2690,45.729
2691,43.204
2692,41.227000000000004
2693,40.481
2694,41.196
2695,41.023
2696,42.506
2697,44.62
2698,46.086
2699,46.688
2700,47.662
2701,48.899
2702,45.291000000000004
2703,43.095
2704,41.314
2705,40.116
2706,40.92
2707,44.091
2708,45.245
2709,46.192
2710,47.471000000000004
2711,50.911
2712,50.509
2713,46.278
2714,45.230000000000004
2715,43.306
2716,41.868
2717,42.827
2718,46.976
2719,52.289
2720,56.182
2721,57.39
2722,57.109
2723,56.61
2724,56.918
2725,56.499
2726,55.023
2727,53.159
2728,51.34
2729,50.013
2730,49.841
2731,52.007
2732,51.775
2733,50.915
2734,50.437
2735,53.085
2736,52.148
2737,47.328
2738,46.133
2739,44.001
2740,42.29
2741,42.405
2742,45.804
2743,50.795
2744,55.202
2745,57.437000000000005
2746,58.237
2747,59.012
2748,59.625
2749,59.399
2750,58.221000000000004
2751,56.793
2752,55.483000000000004
2753,54.363
2754,54.951
2755,57.669000000000004
2756,57.083
2757,55.426
2758,54.839
2759,57.404
2760,56.483000000000004
2761,51.908
2762,50.448
2763,48.441
2764,47.241
2765,47.348
2766,51.141
2767,56.094
2768,60.518
2769,62.225
2770,62.874
2771,62.439
2772,63.277
2773,62.596000000000004
2774,61.313
2775,59.593
2776,58.343
2777,56.887
2778,57.633
2779,59.762
2780,59.531
2781,58.01
2782,57.75
2783,60.252
2784,59.739000000000004
2785,54.861000000000004
2786,53.839
2787,51.758
2788,50.188
2789,50.725
2790,54.452
2791,59.733000000000004
2792,63.956
2793,65.357
2794,65.04
2795,64.417
2796,64.639
2797,64.101
2798,62.455
2799,60.337
2800,58.686
2801,57.129
2802,57.284
2803,59.557
2804,59.204
2805,58.341
2806,58.431000000000004
2807,61.263
2808,60.305
2809,55.549
2810,54.329
2811,52.083
2812,50.489000000000004
2813,51.155
2814,54.672000000000004
2815,59.724000000000004
2816,63.856
2817,65.149
2818,65.15
2819,64.242
2820,63.781
2821,63.358000000000004
2822,60.857
2823,58.589
2824,56.737
2825,54.832
2826,54.924
2827,56.544000000000004
2828,56.012
2829,55.526
2830,56.211
2831,59.44
2832,58.825
2833,53.36
2834,52.144
2835,49.799
2836,47.826
2837,47.611000000000004
2838,49.07
2839,49.903
2840,52.045
2841,53.725
2842,53.953
2843,53.033
2844,53.021
2845,53.619
2846,50.497
2847,48.064
2848,45.969
2849,44.472
2850,44.68
2851,46.356
2852,46.981
2853,47.327
2854,48.799
2855,52.77
2856,52.686
2857,48.088
2858,46.609
2859,44.06
2860,41.872
2861,41.116
2862,41.805
2863,41.418
2864,42.792
2865,44.973
2866,46.519
2867,47.407000000000004
2868,48.491
2869,50.147
2870,47.092
2871,45.091
2872,43.659
2873,43.081
2874,43.343
2875,46.32
2876,48.025
2877,48.512
2878,48.69
2879,52.407000000000004
2880,52.08
2881,47.546
2882,46.212
2883,43.67
2884,41.635
2885,41.023
2886,42.021
2887,41.76
2888,43.394
2889,45.534
2890,47.47
2891,48.587
2892,49.985
2893,51.222
2894,47.913000000000004
2895,45.323
2896,43.678000000000004
2897,42.559
2898,43.563
2899,46.93
2900,48.257
2901,48.151
2902,48.949
2903,52.164
2904,51.92
2905,47.706
2906,46.659
2907,44.609
2908,42.993
2909,43.717
2910,48.031
2911,53.765
2912,58.183
2913,59.497
2914,59.823
2915,59.586
2916,60.354
2917,59.979
2918,58.492000000000004
2919,56.687000000000005
2920,55.224000000000004
2921,53.963
2922,53.785000000000004
2923,56.093
2924,55.184000000000005
2925,53.536
2926,53.361000000000004
2927,56.082
2928,55.148
2929,50.128
2930,49.049
2931,46.854
2932,45.028
2933,45.480000000000004
2934,49.014
2935,54.18
2936,58.523
2937,60.409
2938,60.807
2939,60.433
2940,60.912
2941,60.354
2942,58.893
2943,57.175000000000004
2944,55.558
2945,54.394
2946,54.459
2947,56.644
2948,56.001
2949,54.089
2950,53.794000000000004
2951,56.677
2952,56.008
2953,50.971000000000004
2954,49.391
2955,47.194
2956,45.372
2957,45.639
2958,49.332
2959,54.558
2960,58.506
2961,59.881
2962,60.403
2963,59.986000000000004
2964,60.395
2965,59.624
2966,57.808
2967,56.153
2968,54.668
2969,53.068
2970,52.944
2971,54.882
2972,53.919000000000004
2973,52.148
2974,52.5
2975,55.312
2976,54.498000000000005
2977,49.674
2978,48.312
2979,46.361000000000004
2980,44.498
2981,44.848
2982,48.387
2983,53.502
2984,57.439
2985,58.502
2986,58.673
2987,58.367000000000004
2988,58.121
2989,57.707
2990,55.422000000000004
2991,53.497
2992,51.548
2993,50.045
2994,50.136
2995,51.784
2996,50.966
2997,49.659
2998,50.412
2999,53.410000000000004
3000,52.563
3001,47.249
3002,45.464
3003,42.821
3004,40.736000000000004
3005,40.117
3006,40.914
3007,41.72
3008,44.212
3009,47.356
3010,49.706
3011,50.51
3012,51.991
3013,53.33
3014,50.707
3015,48.906
3016,47.017
3017,45.863
3018,46.208
3019,47.852000000000004
3020,47.851
3021,46.932
3022,47.575
3023,51.15
3024,50.883
3025,46.173
3026,44.618
3027,41.714
3028,39.486000000000004
3029,38.625
3030,38.909
3031,38.746
3032,40.343
3033,42.907000000000004
3034,45.156
3035,46.592
3036,47.993
3037,49.552
3038,46.27
3039,44.175000000000004
3040,42.568
3041,41.411
3042,42.151
3043,44.193
3044,45.081
3045,44.775
3046,46.405
3047,50.066
3048,49.929
3049,45.304
3050,43.753
3051,41.464
3052,39.384
3053,38.97
3054,39.859
3055,40.295
3056,41.945
3057,44.519
3058,46.987
3059,48.136
3060,49.730000000000004
3061,51.232
3062,48.037
3063,46.04
3064,44.475
3065,43.907000000000004
3066,44.93
3067,47.9
3068,48.427
3069,47.367000000000004
3070,48.088
3071,51.147
3072,50.83
3073,46.331
3074,45.296
3075,43.221000000000004
3076,41.785000000000004
3077,42.646
3078,46.692
3079,52.473
3080,56.636
3081,57.773
3082,57.915
3083,57.713
3084,57.647
3085,57.19
3086,55.679
3087,53.916000000000004
3088,52.176
3089,50.629
3090,50.159
3091,51.976
3092,51.328
3093,49.327
3094,50.208
3095,53.185
3096,52.38
3097,47.372
3098,46.096000000000004
3099,44.222
3100,42.924
3101,43.301
3102,46.507
3103,51.410000000000004
3104,55.331
3105,56.436
3106,56.425000000000004
3107,55.979
3108,56.366
3109,56.184000000000005
3110,54.743
3111,52.938
3112,51.375
3113,50.207
3114,49.913000000000004
3115,52.062
3116,51.285000000000004
3117,48.918
3118,49.209
3119,51.998
3120,51.184000000000005
3121,46.182
3122,44.617000000000004
3123,42.327
3124,40.463
3125,40.653
3126,43.778
3127,48.476
3128,52.800000000000004
3129,54.494
3130,55.371
3131,55.719
3132,56.550000000000004
3133,56.647
3134,55.265
3135,54.112
3136,52.647
3137,51.568
3138,51.548
3139,53.744
3140,52.474000000000004
3141,49.585
3142,49.544000000000004
3143,52.322
3144,51.448
3145,46.106
3146,44.721000000000004
3147,42.347
3148,40.902
3149,40.97
3150,43.894
3151,48.614000000000004
3152,52.83
3153,54.249
3154,54.939
3155,54.973
3156,55.291000000000004
3157,55.398
3158,53.398
3159,52.319
3160,50.481
3161,49.021
3162,49.024
3163,50.397
3164,49.408
3165,47.279
3166,48.051
3167,51.313
3168,50.354
3169,44.629
3170,43.016
3171,40.32
3172,38.27
3173,37.717
3174,38.352000000000004
3175,39.07
3176,41.361000000000004
3177,44.413000000000004
3178,46.259
3179,46.777
3180,47.858000000000004
3181,49.128
3182,46.382
3183,44.454
3184,42.808
3185,41.725
3186,42.153
3187,43.667
3188,43.495
3189,42.129
3190,43.495
3191,47.369
3192,47.385
3193,42.514
3194,40.84
3195,38.068
3196,35.817
3197,34.993
3198,35.008
3199,34.745
3200,36.208
3201,38.791000000000004
3202,41.235
3203,42.708
3204,43.937
3205,45.802
3206,42.618
3207,40.783
3208,39.046
3209,38.273
3210,39.036
3211,41.302
3212,42.518
3213,41.851
3214,43.471000000000004
3215,46.828
3216,46.416000000000004
3217,41.799
3218,40.467
3219,38.235
3220,36.682
3221,37.207
3222,40.410000000000004
3223,45.675000000000004
3224,49.924
3225,51.527
3226,52.454
3227,52.742000000000004
3228,53.499
3229,53.783
3230,52.515
3231,51.284
3232,50.027
3233,48.689
3234,48.248
3235,50.17
3236,48.999
3237,46.32
3238,47.023
3239,49.687
3240,48.669000000000004
3241,43.256
3242,41.717
3243,39.555
3244,37.886
3245,38.106
3246,40.492
3247,45.22
3248,49.411
3249,50.903
3250,52.008
3251,52.544000000000004
3252,53.495000000000005
3253,53.762
3254,52.672000000000004
3255,51.76
3256,50.732
3257,49.373
3258,49.008
3259,50.284
3260,48.991
3261,46.356
3262,47.007
3263,49.673
3264,48.413000000000004
3265,43.0
3266,41.34
3267,39.24
3268,37.367
3269,37.383
3270,39.582
3271,44.109
3272,48.452
3273,50.611000000000004
3274,51.986000000000004
3275,52.743
3276,53.836
3277,54.121
3278,53.281
3279,52.45
3280,51.095
3281,49.791000000000004
3282,49.224000000000004
3283,50.819
3284,49.601
3285,46.876
3286,46.901
3287,49.804
3288,48.547000000000004
3289,43.297000000000004
3290,41.609
3291,39.282000000000004
3292,37.592
3293,37.515
3294,39.892
3295,44.788000000000004
3296,49.081
3297,51.301
3298,52.775
3299,53.469
3300,54.362
3301,54.134
3302,53.045
3303,52.173
3304,50.913000000000004
3305,49.753
3306,49.727000000000004
3307,51.745000000000005
3308,50.199
3309,47.205
3310,47.065
3311,50.086
3312,48.637
3313,43.357
3314,41.899
3315,39.812
3316,38.362
3317,38.65
3318,41.109
3319,46.227000000000004
3320,50.548
3321,52.729
3322,53.65
3323,53.94
3324,54.686
3325,54.329
3326,52.394
3327,51.083
3328,49.462
3329,48.063
3330,47.845
3331,48.941
3332,47.742000000000004
3333,45.68
3334,46.605000000000004
3335,50.326
3336,49.241
3337,43.778
3338,41.907000000000004
3339,39.505
3340,37.522
3341,36.954
3342,37.563
3343,38.592
3344,40.827
3345,43.730000000000004
3346,45.518
3347,46.230000000000004
3348,47.508
3349,48.746
3350,45.888
3351,44.031
3352,42.432
3353,41.074
3354,41.368
3355,42.767
3356,42.477000000000004
3357,41.319
3358,42.755
3359,47.248
3360,47.004
3361,42.054
3362,40.347
3363,37.656
3364,35.660000000000004
3365,34.894
3366,34.582
3367,34.606
3368,36.087
3369,38.426
3370,40.498
3371,41.845
3372,43.099000000000004
3373,44.744
3374,41.428000000000004
3375,39.75
3376,38.083
3377,37.37
3378,37.894
3379,40.346000000000004
3380,41.136
3381,40.699
3382,41.993
3383,45.794000000000004
3384,45.258
3385,40.495
3386,39.211
3387,37.1
3388,35.486000000000004
3389,36.041000000000004
3390,38.688
3391,43.748
3392,48.165
3393,50.422000000000004
3394,51.367000000000004
3395,51.904
3396,52.974000000000004
3397,53.24
3398,52.133
3399,50.855000000000004
3400,49.883
3401,48.447
3402,48.196
3403,49.762
3404,48.521
3405,45.665
3406,46.078
3407,49.238
3408,48.008
3409,42.624
3410,41.1
3411,38.862
3412,37.461
3413,37.373
3414,39.372
3415,44.305
3416,48.659
3417,50.712
3418,51.859
3419,52.311
3420,53.335
3421,53.479
3422,52.404
3423,51.587
3424,50.385
3425,49.033
3426,48.667
3427,49.974000000000004
3428,48.730000000000004
3429,45.886
3430,46.321
3431,49.732
3432,48.278
3433,42.728
3434,41.266
3435,39.054
3436,37.455
3437,37.379
3438,39.486000000000004
3439,44.112
3440,48.516
3441,50.802
3442,51.929
3443,52.558
3444,53.512
3445,53.84
3446,53.068
3447,51.938
3448,50.772
3449,49.267
3450,48.666000000000004
3451,49.137
3452,47.779
3453,45.105000000000004
3454,45.660000000000004
3455,49.689
3456,48.134
3457,42.56
3458,40.45
3459,38.07
3460,36.045
3461,34.813
3462,34.271
3463,34.929
3464,37.15
3465,39.922000000000004
3466,42.198
3467,43.206
3468,44.626
3469,46.248
3470,43.802
3471,42.474000000000004
3472,41.205
3473,40.36
3474,40.664
3475,41.914
3476,41.969
3477,40.643
3478,42.046
3479,46.396
3480,45.334
3481,40.037
3482,38.410000000000004
3483,36.151
3484,34.515
3485,34.573
3486,35.432
3487,37.59
3488,40.65
3489,43.932
3490,46.1
3491,47.125
3492,48.502
3493,49.747
3494,47.944
3495,47.083
3496,45.824
3497,44.996
3498,45.037
3499,45.808
3500,44.789
3501,42.523
3502,43.497
3503,47.660000000000004
3504,46.182
3505,40.759
3506,38.951
3507,36.487
3508,34.703
3509,34.108000000000004
3510,33.832
3511,34.615
3512,36.671
3513,39.883
3514,42.435
3515,43.61
3516,44.92
3517,46.555
3518,44.488
3519,43.6
3520,42.446
3521,41.619
3522,41.869
3523,42.838
3524,42.12
3525,40.678000000000004
3526,41.364000000000004
3527,46.058
3528,45.115
3529,39.618
3530,37.808
3531,35.317
3532,33.376
3533,32.45
3534,31.657
3535,31.692
3536,33.394
3537,36.06
3538,38.702
3539,40.399
3540,41.846000000000004
3541,43.499
3542,40.869
3543,39.815
3544,38.878
3545,38.439
3546,39.109
3547,41.092
3548,41.597
3549,41.236000000000004
3550,42.101
3551,46.187
3552,44.938
3553,39.462
3554,37.99
3555,35.792
3556,34.485
3557,34.957
3558,37.274
3559,42.119
3560,46.764
3561,49.726
3562,51.917
3563,52.869
3564,54.088
3565,54.120000000000005
3566,53.237
3567,52.418
3568,51.284
3569,50.326
3570,49.980000000000004
3571,51.107
3572,49.480000000000004
3573,46.706
3574,46.28
3575,49.7
3576,47.999
3577,42.385
3578,41.019
3579,39.025
3580,37.695
3581,37.654
3582,39.383
3583,44.129
3584,48.464
3585,51.014
3586,52.393
3587,53.402
3588,54.304
3589,54.402
3590,53.29
3591,52.531
3592,51.244
3593,50.125
3594,49.584
3595,50.567
3596,49.243
3597,46.281
3598,46.045
3599,49.827
3600,48.067
3601,42.437
3602,40.834
3603,38.793
3604,37.31
3605,37.291000000000004
3606,39.213
3607,43.597
3608,48.016
3609,50.454
3610,52.181000000000004
3611,53.072
3612,54.187
3613,54.354
3614,53.311
3615,52.532000000000004
3616,51.469
3617,50.11
3618,49.881
3619,50.989000000000004
3620,49.669000000000004
3621,46.676
3622,46.326
3623,50.008
3624,48.567
3625,42.974000000000004
3626,41.146
3627,39.1
3628,37.619
3629,37.619
3630,39.302
3631,44.056
3632,48.528
3633,50.692
3634,52.182
3635,52.974000000000004
3636,54.096000000000004
3637,54.473
3638,53.539
3639,53.008
3640,51.961
3641,50.746
3642,50.68
3643,51.204
3644,49.855000000000004
3645,46.865
3646,46.613
3647,50.468
3648,48.842
3649,43.011
3650,41.263
3651,39.34
3652,37.667
3653,37.613
3654,39.285000000000004
3655,43.934
3656,48.164
3657,50.683
3658,52.364000000000004
3659,53.338
3660,54.21
3661,54.625
3662,53.223
3663,52.43
3664,50.955
3665,49.722
3666,49.553000000000004
3667,49.649
3668,48.146
3669,45.631
3670,45.655
3671,49.329
3672,47.63
3673,41.869
3674,39.951
3675,37.4
3676,35.546
3677,35.015
3678,34.777
3679,35.822
3680,38.03
3681,41.201
3682,43.699
3683,44.835
3684,46.167
3685,47.577
3686,45.173
3687,43.737
3688,42.387
3689,41.519
3690,41.986000000000004
3691,43.253
3692,42.706
3693,41.122
3694,41.117
3695,45.526
3696,44.587
3697,39.279
3698,37.67
3699,35.266
3700,33.56
3701,32.637
3702,31.716
3703,31.976
3704,33.446
3705,35.984
3706,38.239000000000004
3707,39.739000000000004
3708,41.336
3709,43.033
3710,40.162
3711,38.689
3712,37.372
3713,36.833
3714,37.263
3715,38.848
3716,39.56
3717,38.898
3718,39.893
3719,44.643
3720,43.689
3721,38.541000000000004
3722,36.863
3723,34.695
3724,32.941
3725,32.515
3726,32.302
3727,33.164
3728,35.11
3729,38.079
3730,40.693
3731,42.369
3732,44.11
3733,45.68
3734,43.197
3735,41.911
3736,40.822
3737,40.003
3738,40.602000000000004
3739,42.636
3740,42.633
3741,41.35
3742,41.800000000000004
3743,45.503
3744,44.542
3745,39.581
3746,38.303
3747,36.369
3748,34.986000000000004
3749,35.367
3750,37.957
3751,43.058
3752,47.381
3753,50.036
3754,51.352000000000004
3755,52.115
3756,53.303000000000004
3757,53.275
3758,52.156
3759,51.164
3760,50.082
3761,48.867000000000004
3762,48.59
3763,50.033
3764,48.432
3765,45.718
3766,45.235
3767,48.848
3768,47.395
3769,42.149
3770,40.566
3771,38.617
3772,37.36
3773,37.434
3774,39.018
3775,43.654
3776,48.26
3777,50.526
3778,51.707
3779,52.343
3780,53.154
3781,53.311
3782,52.133
3783,51.191
3784,50.121
3785,48.595
3786,48.45
3787,49.77
3788,48.594
3789,45.853
3790,45.592
3791,49.541000000000004
3792,48.116
3793,42.727000000000004
3794,41.236000000000004
3795,38.955
3796,37.394
3797,37.403
3798,38.980000000000004
3799,44.155
3800,48.393
3801,50.25
3802,51.503
3803,52.121
3804,53.19
3805,53.575
3806,52.633
3807,51.797000000000004
3808,51.18
3809,49.919000000000004
3810,49.76
3811,50.901
3812,49.426
3813,46.39
3814,46.217
3815,49.767
3816,48.263
3817,42.76
3818,41.014
3819,38.788000000000004
3820,37.444
3821,37.617
3822,39.229
3823,44.047000000000004
3824,48.579
3825,50.789
3826,52.337
3827,52.865
3828,53.468
3829,53.738
3830,52.246
3831,51.457
3832,50.023
3833,48.561
3834,48.399
3835,48.776
3836,47.535000000000004
3837,44.822
3838,44.96
3839,49.173
3840,47.619
3841,41.754
3842,39.918
3843,37.656
3844,35.778
3845,34.864
3846,34.614
3847,35.926
3848,38.369
3849,41.455
3850,43.996
3851,45.074
3852,46.286
3853,47.745
3854,45.24
3855,44.1
3856,42.994
3857,42.098
3858,42.425000000000004
3859,43.362
3860,42.481
3861,40.732
3862,41.102000000000004
3863,46.491
3864,45.796
3865,40.365
3866,38.577
3867,35.853
3868,33.699
3869,32.664
3870,31.71
3871,32.153
3872,33.99
3873,36.635
3874,39.117
3875,40.952
3876,42.341
3877,44.333
3878,41.718
3879,40.515
3880,39.604
3881,39.019
3882,39.777
3883,41.735
3884,42.386
3885,41.505
3886,41.976
3887,46.524
3888,45.073
3889,39.749
3890,38.105000000000004
3891,35.986000000000004
3892,34.662
3893,35.244
3894,37.365
3895,42.188
3896,46.861000000000004
3897,49.612
3898,51.388
3899,52.362
3900,53.561
3901,54.019
3902,53.333
3903,52.441
3904,51.501
3905,50.346000000000004
3906,50.063
3907,51.675000000000004
3908,49.924
3909,46.853
3910,46.223
3911,50.308
3912,48.46
3913,42.724000000000004
3914,41.342
3915,39.133
3916,37.629
3917,37.721000000000004
3918,39.429
3919,44.272
3920,48.63
3921,51.135
3922,52.827
3923,53.666000000000004
3924,54.842
3925,55.123000000000005
3926,54.505
3927,53.983000000000004
3928,51.949
3929,51.421
3930,51.421
3931,52.25
3932,50.63
3933,47.487
3934,47.065
3935,50.956
3936,48.892
3937,43.22
3938,41.475
3939,39.339
3940,37.79
3941,37.952
3942,39.346000000000004
3943,43.845
3944,48.589
3945,51.381
3946,53.078
3947,54.27
3948,55.423
3949,56.074
3950,55.296
3951,54.656
3952,53.646
3953,52.429
3954,52.068
3955,52.783
3956,51.305
3957,48.08
3958,47.647
3959,51.620000000000005
3960,49.613
3961,43.854
3962,42.228
3963,39.975
3964,38.421
3965,38.339
3966,40.169000000000004
3967,44.858000000000004
3968,49.439
3969,52.098
3970,54.039
3971,55.182
3972,56.579
3973,56.712
3974,55.72
3975,55.428000000000004
3976,54.324
3977,53.034
3978,52.304
3979,52.992000000000004
3980,51.075
3981,47.891
3982,47.447
3983,51.550000000000004
3984,49.401
3985,43.643
3986,42.143
3987,39.871
3988,38.456
3989,38.529
3990,40.186
3991,44.79
3992,49.17
3993,51.695
3994,53.387
3995,54.132
3996,55.018
3997,55.293
3998,54.001
3999,53.045
4000,51.896
4001,50.558
4002,50.498
4003,50.789
4004,48.972
4005,46.241
4006,46.005
4007,50.635
4008,48.851
4009,42.623
4010,40.912
4011,38.277
4012,36.519
4013,35.783
4014,35.381
4015,36.541000000000004
4016,39.139
4017,41.997
4018,44.744
4019,46.065
4020,47.202
4021,48.649
4022,46.489000000000004
4023,45.389
4024,44.444
4025,43.644
4026,43.801
4027,44.923
4028,43.939
4029,42.219
4030,42.409
4031,47.524
4032,46.351
4033,40.924
4034,39.129
4035,36.455
4036,34.541000000000004
4037,33.681
4038,32.629
4039,33.121
4040,34.935
4041,37.638
4042,40.276
4043,42.003
4044,43.426
4045,45.11
4046,42.493
4047,41.717
4048,40.806
4049,40.445
4050,41.181
4051,42.901
4052,43.594
4053,42.952
4054,43.603
4055,48.407000000000004
4056,46.538000000000004
4057,40.687
4058,39.252
4059,37.216
4060,35.955
4061,36.467
4062,38.69
4063,43.35
4064,48.19
4065,51.463
4066,53.635
4067,55.159
4068,56.467
4069,56.892
4070,56.067
4071,55.601
4072,54.661
4073,53.678000000000004
4074,53.31
4075,54.071
4076,52.515
4077,49.49
4078,48.83
4079,52.96
4080,50.619
4081,44.392
4082,43.242000000000004
4083,40.949
4084,39.591
4085,39.616
4086,41.175000000000004
4087,45.927
4088,50.413000000000004
4089,53.383
4090,55.563
4091,56.856
4092,58.083
4093,58.222
4094,57.410000000000004
4095,56.932
4096,56.219
4097,55.253
4098,54.734
4099,55.101
4100,53.376
4101,50.571
4102,49.664
4103,53.730000000000004
4104,51.114000000000004
4105,45.241
4106,43.899
4107,41.759
4108,40.173
4109,40.256
4110,42.279
4111,46.589
4112,50.905
4113,53.752
4114,56.097
4115,57.399
4116,58.865
4117,59.194
4118,58.349000000000004
4119,57.711
4120,56.825
4121,55.796
4122,55.446
4123,55.635
4124,53.613
4125,50.584
4126,49.949
4127,54.04
4128,52.039
4129,45.797000000000004
4130,44.423
4131,42.461
4132,41.015
4133,41.214
4134,42.83
4135,47.243
4136,51.475
4137,54.173
4138,56.215
4139,57.678000000000004
4140,58.877
4141,59.414
4142,58.423
4143,58.058
4144,56.864000000000004
4145,55.874
4146,55.477000000000004
4147,55.634
4148,53.669000000000004
4149,50.657000000000004
4150,49.961
4151,53.825
4152,50.980000000000004
4153,44.828
4154,43.791000000000004
4155,41.728
4156,40.308
4157,40.635
4158,41.927
4159,46.345
4160,50.57
4161,52.92
4162,54.588
4163,55.444
4164,56.541000000000004
4165,56.705
4166,55.336
4167,54.809000000000005
4168,53.43
4169,52.362
4170,52.254
4171,51.989000000000004
4172,50.163000000000004
4173,47.368
4174,46.786
4175,51.299
4176,49.209
4177,43.09
4178,41.445
4179,39.245
4180,37.577
4181,37.014
4182,36.804
4183,37.981
4184,40.182
4185,43.141
4186,45.438
4187,46.605000000000004
4188,47.964
4189,49.226
4190,47.111000000000004
4191,46.183
4192,45.097
4193,44.214
4194,44.474000000000004
4195,45.146
4196,43.980000000000004
4197,42.069
4198,42.282000000000004
4199,47.329
4200,46.026
4201,40.72
4202,39.182
4203,36.61
4204,34.849000000000004
4205,34.272
4206,33.462
4207,33.696
4208,35.131
4209,37.685
4210,40.278
4211,41.948
4212,43.536
4213,45.027
4214,42.505
4215,41.319
4216,40.518
4217,39.815
4218,40.421
4219,42.324
4220,42.815
4221,42.082
4222,42.381
4223,47.463
4224,45.775
4225,40.311
4226,39.041000000000004
4227,36.951
4228,35.82
4229,36.504
4230,38.666000000000004
4231,43.274
4232,47.76
4233,50.733000000000004
4234,52.668
4235,53.791000000000004
4236,55.109
4237,55.425000000000004
4238,54.675000000000004
4239,53.984
4240,52.878
4241,51.839
4242,51.297000000000004
4243,52.455
4244,50.861000000000004
4245,47.441
4246,46.527
4247,51.22
4248,49.11
4249,43.283
4250,42.167
4251,40.125
4252,38.623
4253,38.977000000000004
4254,40.618
4255,45.116
4256,49.407000000000004
4257,51.822
4258,53.713
4259,54.745000000000005
4260,56.015
4261,56.073
4262,54.746
4263,54.598
4264,53.677
4265,52.582
4266,51.914
4267,52.727000000000004
4268,51.0
4269,47.639
4270,46.681000000000004
4271,50.674
4272,48.401
4273,42.696
4274,41.59
4275,39.526
4276,38.014
4277,38.283
4278,40.196
4279,44.152
4280,48.504
4281,51.098
4282,52.956
4283,53.814
4284,54.769
4285,54.751
4286,53.565
4287,52.663000000000004
4288,51.413000000000004
4289,50.587
4290,49.896
4291,50.82
4292,49.246
4293,45.82
4294,45.273
4295,49.594
4296,47.683
4297,42.049
4298,40.874
4299,38.581
4300,37.299
4301,37.75
4302,39.45
4303,43.730000000000004
4304,48.01
4305,50.414
4306,51.95
4307,52.83
4308,53.675000000000004
4309,53.741
4310,52.734
4311,51.843
4312,50.594
4313,49.552
4314,49.227000000000004
4315,50.148
4316,48.715
4317,45.495
4318,44.764
4319,49.196
4320,47.657000000000004
4321,41.948
4322,40.711
4323,38.634
4324,37.346000000000004
4325,37.548
4326,39.283
4327,43.401
4328,47.802
4329,50.432
4330,51.876
4331,52.647
4332,53.577
4333,53.572
4334,52.054
4335,50.84
4336,49.405
4337,47.953
4338,47.835
4339,48.352000000000004
4340,47.125
4341,44.539
4342,44.392
4343,49.004
4344,47.14
4345,41.598
4346,39.925000000000004
4347,37.479
4348,35.598
4349,35.117
4350,35.147
4351,36.086
4352,38.537
4353,41.979
4354,44.266
4355,45.498
4356,46.693
4357,47.816
4358,45.187
4359,43.881
4360,42.572
4361,41.668
4362,41.868
4363,43.050000000000004
4364,42.4
4365,40.397
4366,40.336
4367,45.874
4368,45.121
4369,39.504
4370,37.828
4371,35.347
4372,33.511
4373,32.863
4374,32.042
4375,32.294000000000004
4376,33.826
4377,36.589
4378,39.439
4379,41.624
4380,43.444
4381,45.264
4382,42.17
4383,40.551
4384,39.294000000000004
4385,38.652
4386,39.261
4387,41.07
4388,41.59
4389,40.652
4390,40.951
4391,46.033
4392,44.988
4393,39.752
4394,38.113
4395,35.935
4396,34.631
4397,35.351
4398,37.651
4399,42.124
4400,46.895
4401,49.697
4402,51.465
4403,52.476
4404,53.256
4405,53.808
4406,53.002
4407,52.265
4408,51.192
4409,49.871
4410,49.538000000000004
4411,50.838
4412,49.418
4413,46.045
4414,45.382
4415,50.202
4416,48.381
4417,42.594
4418,41.2
4419,38.878
4420,37.493
4421,37.577
4422,39.386
4423,43.526
4424,48.033
4425,50.702
4426,52.418
4427,53.516
4428,54.825
4429,55.386
4430,54.325
4431,53.758
4432,52.896
4433,51.82
4434,51.17
4435,51.767
4436,50.502
4437,47.105000000000004
4438,46.4
4439,51.122
4440,48.93
4441,42.99
4442,41.399
4443,39.181
4444,37.749
4445,38.046
4446,39.525
4447,43.435
4448,48.041000000000004
4449,51.146
4450,53.244
4451,54.413000000000004
4452,55.823
4453,56.419000000000004
4454,55.538000000000004
4455,55.111000000000004
4456,54.262
4457,53.323
4458,52.782000000000004
4459,53.269
4460,51.204
4461,48.199
4462,47.61
4463,52.062
4464,49.944
4465,44.086
4466,42.347
4467,39.999
4468,38.455
4469,38.684
4470,40.316
4471,44.561
4472,49.019
4473,51.925000000000004
4474,54.056000000000004
4475,55.265
4476,56.619
4477,56.644
4478,56.333
4479,55.843
4480,54.923
4481,53.987
4482,53.379
4483,53.845
4484,51.966
4485,48.78
4486,48.355000000000004
4487,52.656
4488,50.155
4489,44.215
4490,42.808
4491,40.627
4492,39.03
4493,39.299
4494,41.011
4495,44.946
4496,49.295
4497,52.386
4498,54.538000000000004
4499,55.729
4500,56.799
4501,57.408
4502,56.279
4503,55.627
4504,54.722
4505,53.665
4506,53.134
4507,52.898
4508,51.031
4509,47.993
4510,47.631
4511,52.244
4512,49.901
4513,43.777
4514,41.939
4515,39.307
4516,37.562
4517,36.714
4518,36.649
4519,37.691
4520,40.097
4521,43.305
4522,45.905
4523,47.354
4524,48.619
4525,50.169000000000004
4526,47.96
4527,47.238
4528,46.401
4529,45.234
4530,45.639
4531,45.896
4532,44.781
4533,42.574
4534,42.714
4535,47.568
4536,46.132
4537,40.641
4538,39.165
4539,36.59
4540,34.913000000000004
4541,34.246
4542,33.455
4543,33.442
4544,34.854
4545,37.663000000000004
4546,40.147
4547,42.269
4548,43.883
4549,45.717
4550,43.079
4551,42.011
4552,41.037
4553,40.303000000000004
4554,40.884
4555,42.143
4556,42.786
4557,42.073
4558,42.417
4559,46.969
4560,44.957
4561,39.89
4562,38.362
4563,36.462
4564,35.396
4565,36.251
4566,38.574
4567,42.333
4568,46.648
4569,49.993
4570,52.214
4571,53.574
4572,54.692
4573,54.803000000000004
4574,54.006
4575,53.339
4576,52.143
4577,50.598
4578,50.044000000000004
4579,50.986000000000004
4580,49.545
4581,46.302
4582,46.018
4583,50.230000000000004
4584,48.041000000000004
4585,42.6
4586,41.171
4587,39.049
4588,37.782000000000004
4589,38.057
4590,39.938
4591,43.297000000000004
4592,47.387
4593,50.591
4594,52.527
4595,53.675000000000004
4596,54.789
4597,54.937
4598,53.986000000000004
4599,53.378
4600,52.416000000000004
4601,51.342
4602,50.667
4603,51.426
4604,50.26
4605,46.858000000000004
4606,46.818
4607,50.74
4608,48.919000000000004
4609,43.102000000000004
4610,41.766
4611,39.775
4612,38.335
4613,38.752
4614,40.742
4615,43.9
4616,48.045
4617,51.148
4618,53.393
4619,54.633
4620,55.771
4621,55.942
4622,55.212
4623,54.269
4624,53.111000000000004
4625,51.910000000000004
4626,51.21
4627,52.011
4628,50.607
4629,47.52
4630,47.006
4631,51.21
4632,49.064
4633,43.160000000000004
4634,41.808
4635,39.573
4636,38.146
4637,38.313
4638,40.183
4639,43.677
4640,47.558
4641,50.81
4642,52.708
4643,53.946
4644,55.072
4645,55.368
4646,54.218
4647,53.381
4648,52.417
4649,50.895
4650,50.393
4651,50.475
4652,48.937
4653,45.709
4654,45.527
4655,49.649
4656,48.041000000000004
4657,42.645
4658,40.956
4659,38.507
4660,36.533
4661,35.492
4662,35.076
4663,35.317
4664,37.285000000000004
4665,40.071
4666,42.645
4667,44.075
4668,45.498
4669,47.202
4670,44.806
4671,43.443
4672,42.660000000000004
4673,41.594
4674,41.9
4675,42.634
4676,42.408
4677,40.774
4678,41.384
4679,45.83
4680,45.073
4681,39.864000000000004
4682,38.395
4683,35.99
4684,34.480000000000004
4685,34.184
4686,34.379
4687,34.863
4688,36.948
4689,39.783
4690,42.282000000000004
4691,43.873
4692,45.089
4693,46.816
4694,44.747
4695,43.978
4696,42.857
4697,42.113
4698,42.405
4699,43.234
4700,42.47
4701,40.666000000000004
4702,41.271
4703,45.815
4704,44.581
4705,39.356
4706,37.886
4707,35.5
4708,33.773
4709,33.055
4710,32.638
4711,32.482
4712,34.117
4713,36.783
4714,39.334
4715,41.194
4716,42.775
4717,44.613
4718,42.112
4719,41.081
4720,40.298
4721,39.76
4722,40.432
4723,41.953
4724,42.515
4725,41.758
4726,42.648
4727,47.335
4728,45.421
4729,40.058
4730,38.646
4731,36.634
4732,35.476
4733,36.142
4734,38.687
4735,41.913000000000004
4736,46.087
4737,49.637
4738,52.1
4739,53.554
4740,55.151
4741,55.848
4742,55.15
4743,54.784
4744,53.86
4745,52.593
4746,52.068
4747,52.455
4748,51.185
4749,48.064
4750,48.056000000000004
4751,51.874
4752,49.436
4753,43.887
4754,42.687
4755,40.464
4756,38.923
4757,39.01
4758,41.041000000000004
4759,43.994
4760,47.992000000000004
4761,51.357
4762,53.773
4763,55.238
4764,56.595
4765,56.948
4766,56.338
4767,55.968
4768,55.264
4769,54.267
4770,53.322
4771,53.635
4772,51.97
4773,48.797000000000004
4774,48.719
4775,52.441
4776,49.995000000000005
4777,44.267
4778,42.99
4779,40.783
4780,39.39
4781,39.751
4782,41.765
4783,44.803000000000004
4784,48.584
4785,51.893
4786,54.143
4787,55.544000000000004
4788,56.6
4789,56.870000000000005
4790,55.877
4791,55.436
4792,54.393
4793,53.173
4794,52.423
4795,52.797000000000004
4796,51.314
4797,47.975
4798,47.878
4799,51.457
4800,49.242000000000004
4801,43.716
4802,42.594
4803,40.351
4804,38.866
4805,39.284
4806,41.236000000000004
4807,44.187
4808,47.674
4809,50.76
4810,52.648
4811,53.838
4812,55.175000000000004
4813,55.421
4814,54.42
4815,53.751
4816,52.689
4817,51.143
4818,50.35
4819,50.924
4820,49.493
4821,46.433
4822,46.618
4823,50.415
4824,48.24
4825,42.796
4826,41.606
4827,39.487
4828,38.262
4829,38.483000000000004
4830,40.463
4831,43.332
4832,47.03
4833,50.07
4834,52.078
4835,53.22
4836,54.065
4837,54.300000000000004
4838,52.914
4839,51.92
4840,50.635
4841,49.372
4842,49.191
4843,49.631
4844,48.022
4845,45.335
4846,45.629
4847,49.554
4848,47.641
4849,42.039
4850,40.399
4851,37.843
4852,36.159
4853,35.668
4854,36.051
4855,36.36
4856,38.538000000000004
4857,41.422000000000004
4858,43.925000000000004
4859,45.279
4860,46.564
4861,48.033
4862,45.472
4863,44.473
4864,43.233000000000004
4865,42.244
4866,42.581
4867,43.51
4868,42.886
4869,41.039
4870,41.487
4871,45.755
4872,44.554
4873,39.391
4874,37.972
4875,35.545
4876,33.719
4877,33.153
4878,33.017
4879,32.476
4880,34.049
4881,36.53
4882,39.174
4883,41.067
4884,42.669000000000004
4885,44.273
4886,41.661
4887,40.28
4888,39.199
4889,38.599000000000004
4890,39.455
4891,41.045
4892,41.741
4893,41.050000000000004
4894,42.137
4895,46.006
4896,44.364000000000004
4897,39.156
4898,37.843
4899,35.797000000000004
4900,34.693
4901,35.493
4902,37.928
4903,40.876
4904,45.02
4905,48.444
4906,50.231
4907,51.715
4908,52.846000000000004
4909,53.325
4910,52.104
4911,51.228
4912,50.309
4913,48.986000000000004
4914,48.403
4915,49.550000000000004
4916,48.622
4917,45.451
4918,45.57
4919,49.122
4920,47.244
4921,41.759
4922,40.446
4923,38.101
4924,36.868
4925,37.117
4926,39.576
4927,42.367000000000004
4928,46.177
4929,49.487
4930,51.402
4931,52.503
4932,53.596000000000004
4933,53.495000000000005
4934,52.544000000000004
4935,51.498
4936,50.317
4937,49.244
4938,48.786
4939,49.938
4940,48.555
4941,45.716
4942,45.889
4943,49.383
4944,47.743
4945,42.139
4946,40.627
4947,38.383
4948,37.081
4949,37.216
4950,39.373
4951,42.294000000000004
4952,46.229
4953,49.568
4954,51.424
4955,52.648
4956,53.873000000000005
4957,53.824
4958,52.86
4959,51.84
4960,50.67
4961,49.698
4962,49.224000000000004
4963,50.327
4964,49.098
4965,46.355000000000004
4966,46.443
4967,49.813
4968,48.162
4969,42.402
4970,40.908
4971,38.713
4972,37.299
4973,37.424
4974,39.69
4975,42.34
4976,46.243
4977,49.561
4978,51.469
4979,52.685
4980,53.738
4981,53.786
4982,52.771
4983,51.861000000000004
4984,50.691
4985,49.394
4986,49.059
4987,49.82
4988,48.533
4989,45.506
4990,46.119
4991,49.601
4992,47.839
4993,42.194
4994,40.667
4995,38.352000000000004
4996,36.894
4997,36.987
4998,39.143
4999,41.849000000000004
5000,45.538000000000004
5001,48.834
5002,50.689
5003,51.803000000000004
5004,52.620000000000005
5005,52.941
5006,51.327
5007,50.399
5008,49.223
5009,47.951
5010,47.573
5011,48.147
5012,46.751
5013,44.06
5014,44.956
5015,48.349000000000004
5016,46.759
5017,41.019
5018,39.314
5019,36.799
5020,34.964
5021,34.436
5022,34.897
5023,34.949
5024,37.142
5025,40.096000000000004
5026,42.869
5027,44.269
5028,45.409
5029,47.233000000000004
5030,44.991
5031,43.944
5032,42.963
5033,42.155
5034,42.506
5035,43.32
5036,42.551
5037,40.575
5038,41.849000000000004
5039,45.502
5040,44.161
5041,38.923
5042,37.447
5043,35.02
5044,33.242
5045,32.585
5046,32.542
5047,31.804000000000002
5048,33.316
5049,36.028
5050,38.727000000000004
5051,40.601
5052,42.12
5053,43.901
5054,41.165
5055,39.826
5056,38.648
5057,37.821
5058,38.454
5059,40.013
5060,40.793
5061,40.13
5062,41.436
5063,45.168
5064,43.435
5065,38.114000000000004
5066,36.681
5067,34.567
5068,33.306
5069,33.717
5070,36.015
5071,38.298
5072,41.784
5073,45.414
5074,47.851
5075,49.106
5076,50.627
5077,51.355000000000004
5078,50.344
5079,49.528
5080,48.385
5081,47.205
5082,46.762
5083,47.849000000000004
5084,46.965
5085,44.436
5086,44.833
5087,47.916000000000004
5088,45.992000000000004
5089,40.366
5090,38.971000000000004
5091,36.776
5092,35.385
5093,35.607
5094,37.627
5095,39.584
5096,43.205
5097,46.788000000000004
5098,48.997
5099,50.251
5100,51.717
5101,52.211
5102,51.093
5103,50.27
5104,49.050000000000004
5105,47.945
5106,47.403
5107,48.208
5108,47.063
5109,44.353
5110,45.196
5111,48.215
5112,46.109
5113,40.559
5114,39.133
5115,36.96
5116,35.493
5117,35.65
5118,37.677
5119,39.594
5120,43.105000000000004
5121,46.491
5122,49.029
5123,50.488
5124,52.009
5125,52.779
5126,51.606
5127,50.938
5128,50.056000000000004
5129,48.887
5130,48.71
5131,49.391
5132,48.115
5133,45.408
5134,46.26
5135,49.043
5136,46.969
5137,41.328
5138,39.953
5139,37.724000000000004
5140,36.382
5141,36.385
5142,38.255
5143,40.24
5144,43.892
5145,47.149
5146,49.352000000000004
5147,50.77
5148,52.366
5149,52.874
5150,51.783
5151,51.167
5152,50.157000000000004
5153,49.148
5154,48.657000000000004
5155,49.058
5156,47.75
5157,45.103
5158,46.071
5159,48.85
5160,46.568
5161,41.141
5162,39.865
5163,37.615
5164,36.143
5165,36.198
5166,38.160000000000004
5167,39.863
5168,43.407000000000004
5169,46.791000000000004
5170,49.187
5171,50.535000000000004
5172,51.619
5173,52.553000000000004
5174,50.938
5175,50.165
5176,49.077
5177,47.989000000000004
5178,47.761
5179,48.351
5180,46.927
5181,44.638
5182,45.587
5183,48.219
5184,46.202
5185,40.577
5186,39.147
5187,36.625
5188,34.79
5189,34.332
5190,34.929
5191,34.746
5192,36.601
5193,39.671
5194,42.216
5195,43.678000000000004
5196,44.898
5197,46.67
5198,44.577
5199,43.535000000000004
5200,42.591
5201,41.688
5202,41.936
5203,42.733000000000004
5204,42.026
5205,40.228
5206,41.575
5207,45.019
5208,43.326
5209,38.285000000000004
5210,36.72
5211,34.335
5212,32.612
5213,31.975
5214,32.106
5215,31.288
5216,32.574
5217,35.143
5218,37.522
5219,39.077
5220,40.407000000000004
5221,42.218
5222,39.715
5223,38.446
5224,37.422000000000004
5225,36.866
5226,37.5
5227,39.005
5228,39.672000000000004
5229,39.152
5230,40.938
5231,44.108000000000004
5232,42.258
5233,37.160000000000004
5234,35.831
5235,33.69
5236,32.447
5237,32.792
5238,34.893
5239,36.61
5240,39.645
5241,42.807
5242,45.053000000000004
5243,46.316
5244,47.782000000000004
5245,48.857
5246,47.572
5247,46.862
5248,45.886
5249,44.885
5250,44.711
5251,45.624
5252,44.841
5253,42.672000000000004
5254,43.349000000000004
5255,46.015
5256,44.008
5257,38.706
5258,37.428
5259,35.419000000000004
5260,33.957
5261,34.088
5262,35.882
5263,37.563
5264,40.598
5265,43.764
5266,45.871
5267,46.964
5268,48.238
5269,48.687
5270,47.034
5271,45.886
5272,44.954
5273,43.875
5274,43.784
5275,44.743
5276,43.774
5277,41.633
5278,42.488
5279,45.241
5280,43.357
5281,38.099000000000004
5282,36.813
5283,34.775
5284,33.431
5285,33.554
5286,35.38
5287,36.96
5288,40.018
5289,43.065
5290,45.004
5291,46.300000000000004
5292,47.669000000000004
5293,48.297000000000004
5294,46.582
5295,45.660000000000004
5296,44.480000000000004
5297,43.491
5298,43.369
5299,44.387
5300,43.685
5301,41.77
5302,42.388
5303,44.969
5304,43.247
5305,38.093
5306,36.805
5307,34.842
5308,33.472
5309,33.53
5310,35.421
5311,37.067
5312,40.179
5313,43.078
5314,45.231
5315,46.291000000000004
5316,47.668
5317,48.249
5318,46.367000000000004
5319,45.446
5320,44.419000000000004
5321,43.229
5322,43.1
5323,44.411
5324,43.572
5325,41.67
5326,42.167
5327,44.938
5328,43.338
5329,38.283
5330,36.97
5331,34.808
5332,33.417
5333,33.539
5334,35.458
5335,37.161
5336,40.174
5337,43.256
5338,45.319
5339,46.364000000000004
5340,47.383
5341,48.126
5342,46.2
5343,44.986000000000004
5344,43.595
5345,42.552
5346,42.521
5347,43.607
5348,42.795
5349,41.157000000000004
5350,41.892
5351,44.812
5352,43.175000000000004
5353,37.99
5354,36.596000000000004
5355,34.259
5356,32.528
5357,32.075
5358,32.887
5359,32.867
5360,34.664
5361,37.628
5362,40.04
5363,41.204
5364,42.352000000000004
5365,43.956
5366,41.61
5367,40.384
5368,39.207
5369,38.519
5370,38.884
5371,40.041000000000004
5372,39.862
5373,38.642
5374,39.662
5375,43.038000000000004
5376,41.943
5377,37.06
5378,35.555
5379,33.086
5380,31.341
5381,30.627
5382,30.88
5383,30.184
5384,31.491
5385,34.051
5386,36.649
5387,38.251
5388,39.665
5389,41.326
5390,38.632
5391,37.256
5392,36.036
5393,35.301
5394,35.833
5395,37.39
5396,38.111000000000004
5397,38.122
5398,39.757
5399,42.831
5400,41.287
5401,36.322
5402,35.086
5403,32.913000000000004
5404,31.532
5405,31.632
5406,33.284
5407,34.265
5408,36.672000000000004
5409,39.883
5410,42.142
5411,43.432
5412,44.797000000000004
5413,46.36
5414,44.635
5415,43.777
5416,42.730000000000004
5417,41.85
5418,42.015
5419,43.19
5420,42.517
5421,40.869
5422,41.848
5423,44.734
5424,43.136
5425,37.853
5426,36.449
5427,33.997
5428,32.319
5429,31.777
5430,32.29
5431,31.917
5432,33.198
5433,36.101
5434,38.771
5435,40.36
5436,41.762
5437,43.436
5438,41.0
5439,39.83
5440,38.777
5441,37.995
5442,38.64
5443,40.263
5444,40.471000000000004
5445,39.849000000000004
5446,40.678000000000004
5447,43.628
5448,42.094
5449,37.133
5450,35.795
5451,33.666000000000004
5452,32.315
5453,32.545
5454,34.695
5455,36.647
5456,39.57
5457,42.999
5458,45.196
5459,46.391
5460,47.918
5461,48.844
5462,47.410000000000004
5463,46.429
5464,45.339
5465,44.419000000000004
5466,44.421
5467,45.517
5468,44.591
5469,42.891
5470,43.285000000000004
5471,45.837
5472,44.084
5473,38.794000000000004
5474,37.52
5475,35.29
5476,33.773
5477,33.892
5478,35.771
5479,37.579
5480,40.413000000000004
5481,43.656
5482,46.005
5483,47.534
5484,49.014
5485,49.898
5486,48.394
5487,47.672000000000004
5488,46.581
5489,45.651
5490,45.663000000000004
5491,46.584
5492,45.596000000000004
5493,43.919000000000004
5494,44.12
5495,46.751
5496,44.897
5497,39.562
5498,38.067
5499,35.896
5500,34.354
5501,34.379
5502,36.271
5503,38.127
5504,41.161
5505,44.532000000000004
5506,46.955
5507,48.375
5508,49.878
5509,50.549
5510,48.831
5511,47.731
5512,46.483000000000004
5513,45.262
5514,44.769
5515,45.771
5516,44.559
5517,43.015
5518,43.193
5519,45.819
5520,44.175000000000004
5521,38.88
5522,37.51
5523,35.233000000000004
5524,33.537
5525,33.182
5526,33.941
5527,33.997
5528,35.519
5529,38.462
5530,40.976
5531,42.286
5532,43.502
5533,45.217
5534,42.833
5535,41.732
5536,40.54
5537,39.605000000000004
5538,40.037
5539,40.915
5540,40.573
5541,39.822
5542,40.395
5543,43.685
5544,42.53
5545,37.457
5546,36.03
5547,33.697
5548,31.967000000000002
5549,31.286
5550,31.656000000000002
5551,31.143
5552,32.136
5553,34.768
5554,37.286
5555,38.929
5556,40.337
5557,42.103
5558,39.339
5559,38.154
5560,37.048
5561,36.294000000000004
5562,36.876
5563,38.688
5564,39.562
5565,40.058
5566,40.99
5567,44.038000000000004
5568,42.723
5569,37.431
5570,36.091
5571,33.953
5572,32.683
5573,33.116
5574,35.649
5575,38.329
5576,41.462
5577,45.022
5578,47.29
5579,48.524
5580,50.044000000000004
5581,50.876
5582,49.689
5583,48.811
5584,47.831
5585,46.621
5586,46.401
5587,47.455
5588,46.748
5589,45.175000000000004
5590,45.007
5591,47.413000000000004
5592,45.542
5593,40.197
5594,38.798
5595,36.69
5596,35.296
5597,35.372
5598,37.634
5599,39.980000000000004
5600,43.261
5601,46.566
5602,48.74
5603,50.217
5604,51.781
5605,52.518
5606,51.329
5607,50.824
5608,49.659
5609,48.453
5610,48.22
5611,48.952
5612,47.757
5613,46.11
5614,45.933
5615,48.378
5616,46.261
5617,40.889
5618,39.503
5619,37.345
5620,35.965
5621,36.19
5622,38.354
5623,40.664
5624,43.731
5625,47.007
5626,49.426
5627,50.561
5628,52.002
5629,52.514
5630,51.534
5631,50.953
5632,49.848
5633,48.788000000000004
5634,48.44
5635,49.08
5636,47.713
5637,46.641
5638,46.139
5639,48.622
5640,46.625
5641,41.196
5642,39.966
5643,37.741
5644,36.373
5645,36.338
5646,38.911
5647,41.642
5648,44.355000000000004
5649,47.758
5650,49.926
5651,51.221000000000004
5652,52.488
5653,53.213
5654,51.94
5655,51.296
5656,50.146
5657,49.128
5658,48.651
5659,49.335
5660,48.105000000000004
5661,47.28
5662,46.418
5663,48.684
5664,46.941
5665,41.331
5666,40.071
5667,37.787
5668,36.393
5669,36.627
5670,38.841
5671,41.645
5672,44.631
5673,48.011
5674,50.284
5675,51.566
5676,52.868
5677,53.241
5678,51.709
5679,51.068
5680,49.721000000000004
5681,48.532000000000004
5682,48.248
5683,48.72
5684,47.499
5685,46.916000000000004
5686,46.054
5687,48.862
5688,46.858000000000004
5689,41.017
5690,39.591
5691,36.909
5692,35.077
5693,34.488
5694,35.195
5695,35.698
5696,37.162
5697,40.311
5698,43.18
5699,44.686
5700,46.047000000000004
5701,47.882
5702,45.646
5703,44.796
5704,43.743
5705,42.837
5706,43.22
5707,43.931
5708,43.247
5709,43.467
5710,42.908
5711,46.013
5712,44.581
5713,39.229
5714,37.64
5715,35.24
5716,33.331
5717,32.714
5718,32.919000000000004
5719,32.814
5720,33.536
5721,36.046
5722,38.575
5723,40.776
5724,42.449
5725,44.53
5726,42.0
5727,40.951
5728,39.928000000000004
5729,39.367
5730,40.038000000000004
5731,41.549
5732,42.233000000000004
5733,43.374
5734,42.888
5735,45.707
5736,44.023
5737,38.997
5738,37.375
5739,35.263
5740,34.133
5741,34.946
5742,38.115
5743,41.835
5744,45.068
5745,48.772
5746,51.433
5747,52.882
5748,54.466
5749,55.349000000000004
5750,54.858000000000004
5751,54.319
5752,53.439
5753,52.002
5754,51.496
5755,52.198
5756,50.916000000000004
5757,50.044000000000004
5758,48.371
5759,50.635
5760,48.268
5761,42.83
5762,41.247
5763,38.946
5764,37.684
5765,37.771
5766,40.518
5767,43.862
5768,47.134
5769,50.548
5770,53.083
5771,54.301
5772,55.765
5773,56.247
5774,55.664
5775,55.306000000000004
5776,54.139
5777,53.041000000000004
5778,52.324
5779,52.634
5780,50.94
5781,50.33
5782,48.855000000000004
5783,50.929
5784,48.483000000000004
5785,42.979
5786,41.566
5787,39.607
5788,38.109
5789,38.184
5790,40.903
5791,44.38
5792,47.862
5793,51.304
5794,53.494
5795,54.776
5796,56.016
5797,55.99
5798,54.89
5799,53.99
5800,53.141
5801,51.546
5802,51.258
5803,51.980000000000004
5804,50.779
5805,49.59
5806,47.365
5807,49.755
5808,47.479
5809,41.97
5810,40.724000000000004
5811,38.614000000000004
5812,37.428
5813,37.571
5814,40.255
5815,44.134
5816,47.105000000000004
5817,50.288000000000004
5818,52.033
5819,53.04
5820,54.285000000000004
5821,54.087
5822,52.721000000000004
5823,51.622
5824,50.363
5825,49.054
5826,48.636
5827,49.737
5828,48.934
5829,48.111000000000004
5830,46.492000000000004
5831,48.729
5832,47.037
5833,41.63
5834,40.153
5835,38.127
5836,36.95
5837,36.999
5838,39.681
5839,43.665
5840,46.788000000000004
5841,49.599000000000004
5842,51.32
5843,52.085
5844,52.92
5845,53.116
5846,51.381
5847,50.327
5848,48.813
5849,47.508
5850,47.25
5851,47.981
5852,47.241
5853,47.127
5854,45.33
5855,48.139
5856,46.495
5857,40.824
5858,39.352000000000004
5859,36.613
5860,34.973
5861,34.437
5862,35.325
5863,36.509
5864,37.451
5865,40.647
5866,43.296
5867,44.214
5868,45.522
5869,47.115
5870,44.364000000000004
5871,43.196
5872,41.985
5873,40.847
5874,41.198
5875,42.275
5876,42.303000000000004
5877,43.065
5878,41.717
5879,45.155
5880,44.076
5881,38.993
5882,37.351
5883,34.848
5884,33.079
5885,32.594
5886,32.919000000000004
5887,33.144
5888,33.64
5889,36.452
5890,39.028
5891,41.0
5892,42.789
5893,44.82
5894,41.649
5895,40.106
5896,38.822
5897,38.047000000000004
5898,38.909
5899,41.429
5900,42.693
5901,43.851
5902,41.989000000000004
5903,44.626
5904,43.675000000000004
5905,38.688
5906,37.501
5907,35.449
5908,34.193
5909,34.832
5910,38.166000000000004
5911,43.642
5912,47.235
5913,49.192
5914,51.135
5915,52.08
5916,53.281
5917,53.424
5918,52.425000000000004
5919,51.414
5920,50.183
5921,49.009
5922,48.939
5923,50.719
5924,49.716
5925,49.138
5926,46.205
5927,48.549
5928,47.118
5929,41.764
5930,40.19
5931,38.353
5932,36.693
5933,37.025
5934,39.868
5935,45.379
5936,48.83
5937,50.75
5938,52.365
5939,53.112
5940,54.31
5941,54.160000000000004
5942,53.015
5943,52.375
5944,51.362
5945,50.348
5946,50.012
5947,51.26
5948,50.281
5949,49.660000000000004
5950,46.752
5951,48.857
5952,47.271
5953,41.797000000000004
5954,40.646
5955,38.627
5956,37.19
5957,37.53
5958,40.291000000000004
5959,45.793
5960,48.669000000000004
5961,51.388
5962,52.351
5963,53.003
5964,54.364000000000004
5965,54.26
5966,52.803000000000004
5967,51.843
5968,50.811
5969,49.604
5970,49.229
5971,51.147
5972,50.129
5973,49.781
5974,46.426
5975,48.851
5976,47.057
5977,41.668
5978,40.463
5979,38.585
5980,37.042
5981,37.165
5982,40.155
5983,46.188
5984,49.349000000000004
5985,51.53
5986,52.677
5987,53.295
5988,54.091
5989,53.848
5990,52.552
5991,51.442
5992,50.353
5993,48.992000000000004
5994,49.128
5995,50.61
5996,50.005
5997,49.502
5998,46.391
5999,48.712
6000,47.109
6001,41.767
6002,40.534
6003,38.477000000000004
6004,37.215
6005,37.496
6006,40.401
6007,46.347
6008,49.596000000000004
6009,51.666000000000004
6010,53.098
6011,53.449
6012,54.163000000000004
6013,53.942
6014,52.11
6015,51.124
6016,49.686
6017,48.391
6018,48.736000000000004
6019,50.149
6020,49.375
6021,48.828
6022,46.011
6023,48.585
6024,46.906
6025,41.332
6026,39.599000000000004
6027,37.336
6028,35.539
6029,34.886
6030,35.923
6031,37.592
6032,38.827
6033,41.981
6034,44.421
6035,45.437
6036,46.719
6037,48.048
6038,45.166000000000004
6039,43.689
6040,42.222
6041,41.108000000000004
6042,41.325
6043,42.858000000000004
6044,43.249
6045,43.972
6046,41.846000000000004
6047,45.207
6048,44.433
6049,39.462
6050,37.754
6051,35.185
6052,33.39
6053,32.732
6054,33.257
6055,33.904
6056,34.14
6057,37.072
6058,39.993
6059,41.638
6060,43.477000000000004
6061,44.99
6062,41.546
6063,39.958
6064,38.797000000000004
6065,38.04
6066,38.896
6067,41.565
6068,43.401
6069,44.544000000000004
6070,42.373
6071,45.113
6072,44.173
6073,39.562
6074,38.295
6075,36.09
6076,34.712
6077,35.367
6078,38.79
6079,45.537
6080,48.576
6081,50.81
6082,52.192
6083,52.578
6084,53.624
6085,53.659
6086,52.534
6087,51.575
6088,50.185
6089,48.877
6090,48.726
6091,50.825
6092,50.518
6093,49.898
6094,46.58
6095,48.915
6096,47.548
6097,42.207
6098,40.868
6099,38.76
6100,37.19
6101,37.365
6102,40.565
6103,46.702
6104,49.985
6105,51.851
6106,52.851
6107,53.104
6108,53.847
6109,53.461
6110,52.286
6111,51.171
6112,49.865
6113,48.688
6114,48.299
6115,50.139
6116,50.125
6117,49.77
6118,46.728
6119,48.918
6120,47.701
6121,42.68
6122,41.355000000000004
6123,39.253
6124,37.864000000000004
6125,38.154
6126,41.236000000000004
6127,47.211
6128,50.212
6129,52.869
6130,54.042
6131,54.668
6132,55.537
6133,55.548
6134,54.342
6135,53.327
6136,52.143
6137,50.959
6138,50.958
6139,53.102000000000004
6140,52.939
6141,51.503
6142,48.1
6143,50.19
6144,48.788000000000004
6145,43.65
6146,42.208
6147,40.077
6148,38.414
6149,38.456
6150,41.515
6151,48.24
6152,51.309000000000005
6153,53.113
6154,54.229
6155,54.955
6156,55.741
6157,55.388
6158,53.871
6159,52.687
6160,51.252
6161,49.991
6162,49.58
6163,51.693
6164,51.727000000000004
6165,51.195
6166,47.965
6167,50.216
6168,48.944
6169,43.468
6170,42.289
6171,40.111000000000004
6172,38.849000000000004
6173,39.01
6174,42.07
6175,48.93
6176,51.959
6177,53.969
6178,54.612
6179,54.647
6180,55.032000000000004
6181,54.662
6182,52.824
6183,51.492000000000004
6184,49.763
6185,48.387
6186,48.544000000000004
6187,49.983000000000004
6188,50.495000000000005
6189,50.338
6190,47.606
6191,50.201
6192,48.502
6193,43.179
6194,41.558
6195,39.133
6196,37.351
6197,36.885
6198,37.982
6199,40.055
6200,41.282000000000004
6201,44.536
6202,46.856
6203,47.46
6204,48.269
6205,49.78
6206,46.897
6207,44.947
6208,43.595
6209,42.342
6210,42.806
6211,44.636
6212,46.211
6213,46.369
6214,44.246
6215,47.713
6216,47.074
6217,42.114000000000004
6218,40.522
6219,37.912
6220,35.859
6221,35.103
6222,35.649
6223,36.823
6224,37.037
6225,39.972
6226,42.933
6227,44.569
6228,46.295
6229,47.9
6230,44.185
6231,42.382
6232,40.877
6233,40.425000000000004
6234,41.699
6235,44.661
6236,47.002
6237,47.534
6238,44.931
6239,47.808
6240,46.971000000000004
6241,42.505
6242,41.032000000000004
6243,39.023
6244,37.466
6245,38.055
6246,41.938
6247,49.222
6248,52.861000000000004
6249,54.918
6250,55.879
6251,55.961
6252,56.372
6253,56.1
6254,54.64
6255,53.284
6256,52.133
6257,50.485
6258,50.326
6259,53.171
6260,53.904
6261,52.873
6262,49.365
6263,51.658
6264,50.303000000000004
6265,45.189
6266,43.763
6267,41.562
6268,40.024
6269,40.542
6270,44.082
6271,51.037
6272,54.71
6273,56.168
6274,56.994
6275,57.17
6276,56.899
6277,56.877
6278,55.391
6279,53.75
6280,52.271
6281,50.871
6282,50.988
6283,53.414
6284,54.503
6285,53.094
6286,49.781
6287,52.17
6288,50.926
6289,45.613
6290,44.107
6291,42.308
6292,40.604
6293,41.09
6294,44.57
6295,51.522
6296,55.230000000000004
6297,56.937000000000005
6298,57.222
6299,56.967
6300,57.133
6301,56.678000000000004
6302,54.935
6303,53.396
6304,52.026
6305,50.416000000000004
6306,50.426
6307,52.730000000000004
6308,54.259
6309,53.028
6310,49.568
6311,51.833
6312,50.519
6313,45.435
6314,44.027
6315,41.975
6316,40.264
6317,40.697
6318,44.089
6319,51.401
6320,54.598
6321,55.684000000000005
6322,55.603
6323,55.512
6324,55.631
6325,55.194
6326,53.591
6327,52.186
6328,50.732
6329,49.442
6330,49.279
6331,51.693
6332,53.216
6333,51.633
6334,48.300000000000004
6335,50.998
6336,49.636
6337,44.454
6338,42.857
6339,41.052
6340,39.456
6341,39.749
6342,43.207
6343,50.126
6344,53.499
6345,55.074
6346,55.425000000000004
6347,55.317
6348,55.394
6349,55.244
6350,53.243
6351,51.566
6352,49.95
6353,48.495000000000005
6354,48.518
6355,49.913000000000004
6356,51.775
6357,50.576
6358,47.635
6359,50.114000000000004
6360,48.865
6361,43.552
6362,41.844
6363,39.341
6364,37.578
6365,36.931
6366,38.223
6367,40.777
6368,41.962
6369,45.038000000000004
6370,46.925000000000004
6371,47.22
6372,47.965
6373,49.161
6374,46.024
6375,44.352000000000004
6376,42.927
6377,41.654
6378,42.002
6379,43.807
6380,46.354
6381,45.413000000000004
6382,43.281
6383,46.822
6384,46.267
6385,41.405
6386,39.7
6387,37.06
6388,34.954
6389,34.247
6390,34.709
6391,35.958
6392,36.278
6393,39.055
6394,41.535000000000004
6395,42.734
6396,44.275
6397,45.744
6398,42.311
6399,40.572
6400,39.195
6401,38.455
6402,39.245
6403,42.283
6404,45.974000000000004
6405,45.507
6406,43.099000000000004
6407,45.967
6408,45.268
6409,40.611000000000004
6410,39.268
6411,37.026
6412,35.69
6413,36.182
6414,39.985
6415,47.142
6416,50.544000000000004
6417,52.216
6418,53.763
6419,54.037
6420,54.673
6421,54.629
6422,52.829
6423,51.869
6424,50.777
6425,49.613
6426,49.667
6427,52.445
6428,53.832
6429,50.925000000000004
6430,47.701
6431,49.639
6432,48.387
6433,43.196
6434,41.887
6435,39.653
6436,38.208
6437,38.434
6438,41.909
6439,48.75
6440,52.169000000000004
6441,53.472
6442,54.232
6443,54.663000000000004
6444,55.2
6445,54.936
6446,53.557
6447,52.334
6448,51.01
6449,49.744
6450,49.660000000000004
6451,52.106
6452,53.867000000000004
6453,51.052
6454,47.605000000000004
6455,50.088
6456,48.573
6457,43.226
6458,41.907000000000004
6459,39.804
6460,38.374
6461,38.757
6462,41.983000000000004
6463,48.547000000000004
6464,51.819
6465,53.72
6466,54.438
6467,54.903
6468,55.309000000000005
6469,55.13
6470,53.601
6471,52.412
6472,51.222
6473,49.894
6474,49.808
6475,52.104
6476,54.604
6477,51.161
6478,47.726
6479,50.049
6480,48.307
6481,43.523
6482,42.219
6483,40.023
6484,38.376
6485,38.464
6486,41.678000000000004
6487,48.558
6488,52.191
6489,53.367000000000004
6490,53.973
6491,54.293
6492,54.893
6493,54.782000000000004
6494,53.655
6495,52.353
6496,51.249
6497,49.97
6498,49.842
6499,52.025
6500,54.199
6501,50.886
6502,47.357
6503,49.639
6504,48.246
6505,43.081
6506,41.516
6507,39.4
6508,37.982
6509,38.141
6510,41.361000000000004
6511,47.963
6512,51.515
6513,52.698
6514,53.441
6515,53.776
6516,54.172000000000004
6517,54.172000000000004
6518,52.638
6519,51.473
6520,50.081
6521,48.621
6522,48.884
6523,50.156
6524,52.52
6525,49.160000000000004
6526,46.395
6527,49.326
6528,47.824
6529,42.197
6530,40.355000000000004
6531,37.854
6532,35.961
6533,35.433
6534,36.508
6535,38.632
6536,40.063
6537,43.26
6538,45.701
6539,46.499
6540,47.803000000000004
6541,49.278
6542,46.382
6543,44.660000000000004
6544,43.256
6545,42.397
6546,43.067
6547,45.203
6548,48.064
6549,45.371
6550,43.189
6551,46.741
6552,46.032000000000004
6553,41.095
6554,39.432
6555,36.627
6556,34.845
6557,34.064
6558,34.506
6559,35.708
6560,36.205
6561,38.88
6562,41.666000000000004
6563,43.578
6564,45.486000000000004
6565,47.215
6566,43.687
6567,41.728
6568,40.302
6569,39.697
6570,41.067
6571,44.519
6572,48.147
6573,46.079
6574,43.534
6575,46.485
6576,45.645
6577,41.158
6578,39.852000000000004
6579,37.606
6580,36.002
6581,36.646
6582,40.229
6583,47.355000000000004
6584,51.29
6585,52.971000000000004
6586,54.047000000000004
6587,54.561
6588,55.391
6589,55.272
6590,53.973
6591,52.495000000000005
6592,51.383
6593,49.961
6594,50.158
6595,53.480000000000004
6596,55.24
6597,51.106
6598,47.722
6599,50.141
6600,48.721000000000004
6601,43.65
6602,42.441
6603,40.213
6604,38.583
6605,38.722
6606,41.967
6607,49.024
6608,52.834
6609,53.422000000000004
6610,53.846000000000004
6611,54.627
6612,55.298
6613,54.839
6614,53.533
6615,52.378
6616,51.075
6617,49.89
6618,49.672000000000004
6619,52.385
6620,55.605000000000004
6621,51.774
6622,48.276
6623,50.843
6624,49.288000000000004
6625,44.052
6626,42.731
6627,40.853
6628,39.523
6629,40.024
6630,43.381
6631,50.033
6632,54.103
6633,55.325
6634,55.887
6635,55.736000000000004
6636,56.01
6637,55.718
6638,54.023
6639,52.411
6640,51.159
6641,49.774
6642,49.789
6643,52.729
6644,55.931000000000004
6645,52.191
6646,48.623
6647,50.955
6648,50.062
6649,44.836
6650,43.497
6651,41.398
6652,39.843
6653,40.188
6654,43.756
6655,50.698
6656,54.819
6657,55.53
6658,56.055
6659,56.132
6660,56.561
6661,56.300000000000004
6662,54.735
6663,53.584
6664,52.155
6665,51.171
6666,51.038000000000004
6667,53.823
6668,56.649
6669,52.409
6670,49.037
6671,51.275
6672,50.306000000000004
6673,45.083
6674,43.604
6675,41.755
6676,40.141
6677,40.663000000000004
6678,44.186
6679,51.224000000000004
6680,55.146
6681,56.109
6682,56.445
6683,56.14
6684,56.428000000000004
6685,55.988
6686,54.017
6687,52.572
6688,50.801
6689,49.519
6690,49.647
6691,51.882
6692,55.402
6693,51.986000000000004
6694,49.31
6695,52.339
6696,51.15
6697,45.693
6698,43.887
6699,41.662
6700,39.947
6701,39.602000000000004
6702,41.129
6703,43.384
6704,45.402
6705,48.125
6706,49.764
6707,49.818
6708,50.28
6709,51.365
6710,48.121
6711,46.205
6712,44.724000000000004
6713,43.669000000000004
6714,44.552
6715,47.307
6716,50.59
6717,47.652
6718,45.739000000000004
6719,49.094
6720,48.58
6721,43.738
6722,42.069
6723,39.322
6724,37.217
6725,36.479
6726,36.927
6727,38.14
6728,39.119
6729,41.480000000000004
6730,44.268
6731,45.871
6732,47.307
6733,48.625
6734,44.800000000000004
6735,42.788000000000004
6736,41.38
6737,40.718
6738,41.942
6739,45.994
6740,49.975
6741,47.583
6742,44.996
6743,48.006
6744,47.465
6745,42.847
6746,41.555
6747,39.365
6748,37.853
6749,38.474000000000004
6750,42.554
6751,50.0
6752,54.584
6753,55.384
6754,56.173
6755,56.235
6756,56.593
6757,56.205
6758,54.517
6759,52.959
6760,51.653
6761,50.258
6762,50.59
6763,54.348
6764,57.076
6765,52.444
6766,49.029
6767,51.405
6768,50.182
6769,45.039
6770,43.526
6771,41.297000000000004
6772,39.761
6773,40.052
6774,43.417
6775,50.655
6776,54.86
6777,55.524
6778,56.037
6779,56.042
6780,56.678000000000004
6781,56.02
6782,54.509
6783,53.4
6784,52.259
6785,51.016
6786,51.176
6787,54.481
6788,56.819
6789,52.388
6790,49.393
6791,51.682
6792,50.189
6793,45.273
6794,43.853
6795,41.584
6796,40.186
6797,40.266
6798,43.752
6799,50.578
6800,54.922000000000004
6801,56.096000000000004
6802,56.514
6803,56.202
6804,56.784
6805,56.363
6806,54.697
6807,53.252
6808,51.811
6809,50.255
6810,50.401
6811,53.862
6812,56.444
6813,51.985
6814,48.641
6815,51.123
6816,50.28
6817,45.227000000000004
6818,43.736000000000004
6819,41.515
6820,39.601
6821,39.939
6822,43.181
6823,50.006
6824,54.725
6825,54.751
6826,55.42
6827,55.298
6828,55.904
6829,55.384
6830,53.914
6831,52.547000000000004
6832,51.403
6833,50.228
6834,50.092
6835,53.372
6836,56.393
6837,51.746
6838,48.506
6839,50.908
6840,49.646
6841,44.671
6842,43.15
6843,41.0
6844,39.259
6845,39.458
6846,42.877
6847,49.882
6848,54.533
6849,54.967
6850,55.141
6851,54.971000000000004
6852,55.005
6853,54.783
6854,52.841
6855,51.471000000000004
6856,49.85
6857,48.481
6858,48.512
6859,50.954
6860,54.066
6861,50.202
6862,47.556000000000004
6863,50.044000000000004
6864,49.078
6865,43.269
6866,41.678000000000004
6867,39.198
6868,37.331
6869,36.868
6870,38.077
6871,40.579
6872,42.764
6873,44.951
6874,46.86
6875,47.165
6876,47.915
6877,49.126
6878,46.023
6879,44.312
6880,42.858000000000004
6881,41.687
6882,42.178000000000004
6883,44.986000000000004
6884,48.217
6885,45.297000000000004
6886,43.172000000000004
6887,46.534
6888,46.374
6889,41.551
6890,39.951
6891,37.304
6892,35.291000000000004
6893,34.511
6894,34.873
6895,36.127
6896,37.382
6897,39.239000000000004
6898,41.899
6899,43.223
6900,44.486000000000004
6901,45.984
6902,42.506
6903,40.75
6904,39.103
6905,38.287
6906,39.391
6907,43.663000000000004
6908,47.606
6909,45.069
6910,42.947
6911,45.514
6912,44.909
6913,40.761
6914,39.439
6915,37.322
6916,35.736000000000004
6917,36.44
6918,40.012
6919,47.286
6920,51.694
6921,52.452
6922,53.062
6923,53.35
6924,54.02
6925,53.972
6926,52.808
6927,51.775
6928,50.534
6929,49.253
6930,49.212
6931,53.24
6932,55.023
6933,50.254
6934,47.179
6935,49.485
6936,48.474000000000004
6937,43.198
6938,41.844
6939,39.827
6940,38.53
6941,38.581
6942,41.906
6943,48.99
6944,53.755
6945,53.857
6946,54.301
6947,54.342
6948,54.982
6949,54.603
6950,53.223
6951,52.079
6952,50.816
6953,49.662
6954,49.735
6955,53.488
6956,55.623000000000005
6957,50.845
6958,47.64
6959,49.881
6960,48.64
6961,43.543
6962,42.331
6963,40.239000000000004
6964,38.628
6965,39.002
6966,42.352000000000004
6967,48.895
6968,53.702
6969,54.146
6970,54.714
6971,54.797000000000004
6972,55.594
6973,55.259
6974,53.838
6975,52.668
6976,51.311
6977,50.2
6978,50.230000000000004
6979,54.739000000000004
6980,55.955
6981,51.073
6982,47.844
6983,50.419000000000004
6984,49.327
6985,43.957
6986,42.479
6987,40.466
6988,39.001
6989,39.193
6990,42.38
6991,49.271
6992,54.116
6993,54.021
6994,54.733000000000004
6995,54.834
6996,55.327
6997,54.992000000000004
6998,53.456
6999,52.333
7000,51.002
7001,49.89
7002,50.206
7003,54.334
7004,55.414
7005,50.899
7006,47.767
7007,50.325
7008,49.215
7009,43.892
7010,42.458
7011,40.534
7012,39.162
7013,39.546
7014,42.731
7015,49.505
7016,54.777
7017,54.985
7018,55.493
7019,55.522
7020,55.88
7021,55.631
7022,53.492000000000004
7023,52.052
7024,50.319
7025,49.13
7026,49.621
7027,52.765
7028,54.505
7029,50.517
7030,47.993
7031,50.548
7032,49.559
7033,44.017
7034,42.34
7035,39.832
7036,37.773
7037,37.192
7038,38.486000000000004
7039,40.508
7040,43.165
7041,45.016
7042,47.029
7043,47.794000000000004
7044,48.905
7045,50.304
7046,47.584
7047,45.876
7048,44.377
7049,43.472
7050,44.345
7051,48.381
7052,50.277
7053,47.049
7054,45.073
7055,48.411
7056,48.078
7057,43.383
7058,41.983000000000004
7059,39.539
7060,37.415
7061,36.708
7062,37.293
7063,38.596000000000004
7064,40.187
7065,41.9
7066,44.622
7067,46.353
7068,47.85
7069,49.103
7070,45.549
7071,43.579
7072,42.273
7073,41.552
7074,43.052
7075,48.550000000000004
7076,51.395
7077,48.852000000000004
7078,46.825
7079,49.958
7080,49.291000000000004
7081,44.625
7082,43.262
7083,40.942
7084,39.397
7085,40.167
7086,43.95
7087,49.916000000000004
7088,55.263
7089,56.758
7090,58.166000000000004
7091,58.637
7092,59.319
7093,58.975
7094,57.649
7095,56.186
7096,54.782000000000004
7097,53.447
7098,53.882
7099,59.142
7100,59.727000000000004
7101,54.783
7102,51.613
7103,53.968
7104,52.6
7105,47.559
7106,46.008
7107,43.816
7108,41.945
7109,42.005
7110,45.402
7111,50.842
7112,55.984
7113,57.108000000000004
7114,57.952
7115,58.053000000000004
7116,58.643
7117,57.844
7118,56.333
7119,54.756
7120,53.197
7121,51.846000000000004
7122,52.009
7123,57.148
7124,57.713
7125,53.048
7126,49.913000000000004
7127,52.504
7128,51.482
7129,46.303000000000004
7130,44.951
7131,42.631
7132,41.106
7133,41.465
7134,44.594
7135,50.016
7136,55.017
7137,56.246
7138,57.184000000000005
7139,57.145
7140,57.583
7141,56.713
7142,55.222
7143,53.608000000000004
7144,52.064
7145,50.806000000000004
7146,51.028
7147,56.055
7148,57.425000000000004
7149,52.805
7150,49.857
7151,52.303000000000004
7152,51.599000000000004
7153,46.521
7154,45.181000000000004
7155,43.013
7156,41.36
7157,41.538000000000004
7158,44.832
7159,50.256
7160,55.387
7161,56.643
7162,57.355000000000004
7163,57.291000000000004
7164,57.674
7165,57.085
7166,55.32
7167,54.123000000000005
7168,52.669000000000004
7169,51.116
7170,51.285000000000004
7171,56.657000000000004
7172,57.542
7173,52.845
7174,50.035000000000004
7175,52.513
7176,51.47
7177,46.369
7178,44.924
7179,42.535000000000004
7180,40.929
7181,40.964
7182,44.011
7183,49.36
7184,54.364000000000004
7185,55.745000000000005
7186,56.69
7187,56.715
7188,57.419000000000004
7189,57.196
7190,55.136
7191,53.475
7192,51.722
7193,50.409
7194,50.887
7195,55.846000000000004
7196,56.597
7197,52.478
7198,49.97
7199,53.185
7200,52.06
7201,46.976
7202,45.685
7203,43.133
7204,41.37
7205,40.933
7206,42.331
7207,44.67
7208,47.59
7209,49.262
7210,51.394
7211,51.801
7212,52.106
7213,52.864000000000004
7214,49.406
7215,47.373
7216,45.825
7217,44.685
7218,45.908
7219,51.195
7220,52.681000000000004
7221,49.732
7222,47.863
7223,51.461
7224,51.133
7225,46.359
7226,44.856
7227,40.557
7228,39.335
7229,38.886
7230,40.156
7231,41.537
7232,42.645
7233,45.358000000000004
7234,47.288000000000004
7235,48.201
7236,49.706
7237,50.912
7238,47.603
7239,45.695
7240,44.434
7241,44.54
7242,48.867000000000004
7243,52.992000000000004
7244,52.118
7245,49.78
7246,48.212
7247,51.357
7248,50.85
7249,46.454
7250,45.197
7251,43.28
7252,41.88
7253,42.986000000000004
7254,47.175000000000004
7255,53.239000000000004
7256,56.594
7257,59.013
7258,59.475
7259,58.956
7260,59.559000000000005
7261,59.295
7262,57.958
7263,56.446
7264,55.286
7265,54.847
7266,59.497
7267,64.309
7268,62.2
7269,57.833
7270,55.098
7271,58.073
7272,57.296
7273,52.703
7274,51.709
7275,49.646
7276,48.306000000000004
7277,49.125
7278,52.854
7279,58.817
7280,62.175000000000004
7281,64.251
7282,64.187
7283,63.2
7284,62.962
7285,62.222
7286,60.086
7287,57.987
7288,56.404
7289,56.054
7290,60.537
7291,64.267
7292,62.222
7293,58.248000000000005
7294,55.969
7295,59.371
7296,58.465
7297,53.929
7298,52.552
7299,50.102000000000004
7300,48.33
7301,47.561
7302,48.677
7303,50.473
7304,51.225
7305,53.292
7306,54.248000000000005
7307,54.035000000000004
7308,54.306000000000004
7309,54.693
7310,51.144
7311,48.559
7312,47.339
7313,47.585
7314,53.251
7315,57.765
7316,56.875
7317,53.899
7318,51.969
7319,55.269
7320,54.725
7321,50.281
7322,49.326
7323,47.02
7324,45.566
7325,46.268
7326,50.105000000000004
7327,55.51
7328,58.701
7329,60.771
7330,61.452
7331,61.059000000000005
7332,61.488
7333,61.231
7334,59.549
7335,57.763
7336,56.318
7337,55.856
7338,60.45
7339,64.111
7340,61.654
7341,56.888
7342,54.162
7343,57.126
7344,56.287
7345,51.187
7346,49.959
7347,47.621
7348,45.94
7349,46.578
7350,49.804
7351,55.048
7352,57.97
7353,60.15
7354,60.518
7355,59.726
7356,59.916000000000004
7357,59.314
7358,57.399
7359,55.518
7360,54.265
7361,53.957
7362,58.694
7363,61.563
7364,59.019
7365,54.981
7366,52.634
7367,55.748000000000005
7368,54.824
7369,49.81
7370,48.013
7371,45.274
7372,43.299
7373,42.69
7374,44.038000000000004
7375,46.137
7376,47.183
7377,49.796
7378,51.802
7379,52.128
7380,53.02
7381,54.679
7382,51.868
7383,50.146
7384,49.046
7385,48.865
7386,53.043
7387,55.778
7388,54.182
7389,50.933
7390,49.119
7391,52.472
7392,52.419000000000004
7393,47.765
7394,46.311
7395,43.678000000000004
7396,41.632
7397,41.168
7398,41.887
7399,43.378
7400,44.129
7401,46.845
7402,49.43
7403,50.97
7404,52.688
7405,53.909
7406,50.251
7407,48.339
7408,47.372
7409,48.081
7410,54.045
7411,58.407000000000004
7412,57.93
7413,55.614000000000004
7414,53.532000000000004
7415,57.033
7416,56.596000000000004
7417,52.092
7418,51.163000000000004
7419,49.323
7420,47.973
7421,48.963
7422,53.673
7423,61.636
7424,65.542
7425,66.638
7426,66.69500000000001
7427,66.203
7428,66.02
7429,65.526
7430,63.883
7431,62.333
7432,61.276
7433,61.659
7434,67.331
7435,71.474
7436,69.279
7437,64.61
7438,61.545
7439,64.087
7440,63.225
7441,58.512
7442,57.285000000000004
7443,55.465
7444,54.175000000000004
7445,55.125
7446,59.19
7447,67.424
7448,70.91
7449,71.539
7450,70.96300000000001
7451,69.877
7452,69.646
7453,68.643
7454,66.70400000000001
7455,64.995
7456,64.123
7457,64.5
7458,70.297
7459,73.874
7460,71.491
7461,66.804
7462,63.347
7463,65.635
7464,64.502
7465,59.527
7466,58.386
7467,55.959
7468,54.321
7469,54.899
7470,59.169000000000004
7471,66.138
7472,69.95400000000001
7473,71.279
7474,71.614
7475,71.145
7476,71.382
7477,70.754
7478,69.06400000000001
7479,67.273
7480,66.432
7481,66.551
7482,71.561
7483,74.84700000000001
7484,71.786
7485,66.709
7486,63.35
7487,65.613
7488,64.504
7489,59.503
7490,58.299
7491,56.213
7492,54.352000000000004
7493,54.751
7494,58.887
7495,66.253
7496,69.142
7497,69.339
7498,69.607
7499,69.407
7500,69.643
7501,69.089
7502,67.72200000000001
7503,66.217
7504,65.365
7505,65.464
7506,70.552
7507,73.488
7508,70.545
7509,65.747
7510,62.144
7511,64.413
7512,63.257
7513,58.348
7514,57.767
7515,55.144
7516,53.448
7517,53.582
7518,57.598
7519,64.571
7520,68.128
7521,68.734
7522,68.991
7523,68.44
7524,68.806
7525,68.486
7526,66.512
7527,64.562
7528,63.18
7529,62.76
7530,67.501
7531,69.423
7532,66.933
7533,62.372
7534,59.728
7535,62.5
7536,60.873000000000005
7537,55.507
7538,53.956
7539,51.056000000000004
7540,48.842
7541,48.003
7542,49.076
7543,50.881
7544,52.01
7545,54.566
7546,56.961
7547,57.529
7548,58.569
7549,60.337
7550,57.184000000000005
7551,55.114000000000004
7552,53.753
7553,53.675000000000004
7554,57.879
7555,59.987
7556,58.362
7557,55.167
7558,53.236000000000004
7559,56.794000000000004
7560,56.347
7561,51.847
7562,50.234
7563,47.36
7564,45.087
7565,44.009
7566,44.724000000000004
7567,46.039
7568,46.556000000000004
7569,48.999
7570,51.795
7571,53.482
7572,55.208
7573,56.779
7574,53.411
7575,51.642
7576,50.901
7577,51.742000000000004
7578,57.582
7579,61.38
7580,60.734
7581,58.293
7582,56.307
7583,59.668
7584,59.480000000000004
7585,55.332
7586,54.480000000000004
7587,52.46
7588,50.967
7589,51.914
7590,56.883
7591,64.736
7592,68.744
7593,69.872
7594,69.787
7595,69.199
7596,69.267
7597,68.856
7598,67.381
7599,65.622
7600,64.762
7601,65.199
7602,70.933
7603,74.773
7604,72.121
7605,67.239
7606,63.922000000000004
7607,66.8
7608,65.894
7609,61.296
7610,60.246
7611,58.374
7612,57.124
7613,57.845
7614,62.269
7615,70.156
7616,74.08500000000001
7617,74.32900000000001
7618,73.263
7619,72.014
7620,71.422
7621,70.334
7622,68.0
7623,66.144
7624,65.115
7625,66.01
7626,72.021
7627,75.629
7628,73.083
7629,68.468
7630,65.434
7631,67.84700000000001
7632,66.54
7633,61.99
7634,60.747
7635,58.625
7636,57.294000000000004
7637,57.772
7638,61.902
7639,69.093
7640,73.11
7641,74.095
7642,73.498
7643,72.331
7644,72.03
7645,70.833
7646,68.51
7647,66.462
7648,65.107
7649,65.811
7650,71.527
7651,75.34
7652,72.872
7653,67.802
7654,64.96000000000001
7655,67.802
7656,66.404
7657,61.962
7658,61.029
7659,58.891
7660,57.316
7661,57.912
7662,61.624
7663,69.404
7664,73.19500000000001
7665,73.516
7666,72.94200000000001
7667,72.214
7668,71.81400000000001
7669,70.805
7670,68.802
7671,67.15
7672,66.261
7673,66.83800000000001
7674,72.04
7675,74.981
7676,72.149
7677,67.675
7678,64.363
7679,66.877
7680,66.006
7681,61.324
7682,60.135
7683,57.876
7684,56.474000000000004
7685,56.976
7686,60.892
7687,68.581
7688,72.648
7689,73.019
7690,72.276
7691,71.179
7692,70.325
7693,69.632
7694,66.956
7695,64.798
7696,63.43
7697,63.754
7698,69.502
7699,71.853
7700,69.767
7701,65.461
7702,62.746
7703,65.7
7704,64.636
7705,59.993
7706,58.694
7707,56.138
7708,54.264
7709,53.883
7710,55.494
7711,57.989000000000004
7712,60.048
7713,62.730000000000004
7714,64.34700000000001
7715,64.026
7716,64.38
7717,65.074
7718,61.739000000000004
7719,59.234
7720,57.942
7721,58.537
7722,64.307
7723,66.833
7724,65.089
7725,61.908
7726,60.109
7727,63.987
7728,63.751000000000005
7729,59.483000000000004
7730,57.901
7731,55.277
7732,52.957
7733,52.074
7734,52.799
7735,54.098
7736,55.143
7737,57.343
7738,59.305
7739,60.215
7740,61.066
7741,61.892
7742,57.676
7743,55.061
7744,53.95
7745,54.858000000000004
7746,61.189
7747,65.053
7748,64.577
7749,62.251000000000005
7750,60.292
7751,63.446
7752,62.669000000000004
7753,58.808
7754,58.02
7755,55.891
7756,54.325
7757,55.239000000000004
7758,59.758
7759,67.443
7760,71.84
7761,72.43900000000001
7762,72.509
7763,71.91
7764,71.837
7765,71.307
7766,69.369
7767,67.365
7768,66.449
7769,67.367
7770,72.07600000000001
7771,75.33800000000001
7772,72.43900000000001
7773,67.612
7774,64.227
7775,66.78
7776,65.651
7777,60.592
7778,59.438
7779,57.322
7780,55.664
7781,56.105000000000004
7782,60.173
7783,67.70700000000001
7784,71.556
7785,71.767
7786,71.337
7787,70.489
7788,70.212
7789,69.126
7790,67.117
7791,65.223
7792,64.31700000000001
7793,65.056
7794,70.244
7795,73.276
7796,70.41
7797,65.721
7798,62.363
7799,64.627
7800,63.787
7801,59.078
7802,57.627
7803,55.383
7804,53.819
7805,54.318
7806,58.317
7807,65.803
7808,70.13
7809,70.635
7810,69.798
7811,67.798
7812,67.22
7813,66.182
7814,63.984
7815,61.927
7816,60.839
7817,61.409
7818,67.171
7819,70.458
7820,67.85
7821,63.277
7822,60.228
7823,62.856
7824,61.962
7825,56.869
7826,55.602000000000004
7827,53.163000000000004
7828,51.161
7829,51.419000000000004
7830,54.868
7831,62.238
7832,65.98
7833,65.438
7834,65.46000000000001
7835,64.91
7836,64.675
7837,64.069
7838,62.468
7839,60.748000000000005
7840,59.694
7841,60.485
7842,65.371
7843,68.108
7844,65.346
7845,60.968
7846,57.929
7847,60.637
7848,59.433
7849,54.817
7850,53.410000000000004
7851,51.082
7852,49.286
7853,49.758
7854,53.49
7855,60.805
7856,64.995
7857,65.293
7858,65.427
7859,65.087
7860,65.289
7861,65.052
7862,63.093
7863,61.515
7864,60.662
7865,60.987
7866,65.33500000000001
7867,67.058
7868,64.862
7869,60.627
7870,58.217
7871,61.111000000000004
7872,59.887
7873,54.694
7874,52.948
7875,50.54
7876,48.498
7877,47.966
7878,49.54
7879,52.415
7880,54.926
7881,57.435
7882,59.543
7883,59.995000000000005
7884,61.342
7885,62.518
7886,59.055
7887,57.106
7888,56.132
7889,57.004
7890,62.885
7891,65.528
7892,64.31
7893,61.646
7894,60.001000000000005
7895,64.418
7896,64.004
7897,59.773
7898,58.566
7899,55.979
7900,54.024
7901,53.284
7902,54.301
7903,55.765
7904,57.043
7905,59.453
7906,61.686
7907,62.289
7908,62.791000000000004
7909,63.549
7910,59.804
7911,57.484
7912,57.099000000000004
7913,58.334
7914,64.04
7915,67.631
7916,67.19800000000001
7917,64.863
7918,62.463
7919,65.732
7920,65.399
7921,61.403
7922,60.474000000000004
7923,58.371
7924,56.688
7925,57.438
7926,62.146
7927,70.25
7928,74.498
7929,74.892
7930,75.058
7931,74.423
7932,74.303
7933,73.72
7934,72.143
7935,70.239
7936,69.456
7937,70.631
7938,75.431
7939,78.303
7940,75.5
7941,70.714
7942,66.98
7943,69.555
7944,68.33200000000001
7945,63.870000000000005
7946,62.565000000000005
7947,60.383
7948,58.683
7949,58.958
7950,63.216
7951,70.754
7952,75.529
7953,75.318
7954,75.234
7955,74.153
7956,73.87
7957,73.357
7958,71.742
7959,70.234
7960,69.843
7961,70.812
7962,75.938
7963,78.924
7964,75.868
7965,71.306
7966,67.988
7967,70.467
7968,69.595
7969,64.523
7970,63.593
7971,61.441
7972,59.942
7973,60.391
7974,64.737
7975,72.299
7976,76.68900000000001
7977,77.449
7978,77.407
7979,76.422
7980,76.47500000000001
7981,75.894
7982,73.905
7983,72.342
7984,71.563
7985,72.849
7986,78.128
7987,81.022
7988,78.249
7989,73.181
7990,70.19800000000001
7991,72.82900000000001
7992,71.55
7993,67.237
7994,66.801
7995,64.685
7996,62.969
7997,63.252
7998,67.224
7999,74.93
8000,79.693
8001,79.598
8002,79.622
8003,78.956
8004,79.464
8005,78.706
8006,77.042
8007,75.416
8008,75.141
8009,76.431
8010,81.385
8011,83.961
8012,80.84
8013,76.122
8014,72.934
8015,75.527
8016,74.092
8017,69.241
8018,68.205
8019,66.181
8020,64.562
8021,64.918
8022,68.866
8023,76.498
8024,81.07300000000001
8025,81.432
8026,81.574
8027,80.992
8028,81.301
8029,80.955
8030,78.762
8031,76.723
8032,76.121
8033,77.039
8034,81.831
8035,83.364
8036,80.857
8037,76.589
8038,73.739
8039,76.355
8040,75.305
8041,70.297
8042,68.748
8043,66.526
8044,64.296
8045,63.592
8046,65.263
8047,67.968
8048,70.899
8049,73.603
8050,75.81700000000001
8051,75.977
8052,76.71600000000001
8053,77.96600000000001
8054,74.917
8055,72.83
8056,71.575
8057,72.57600000000001
8058,76.901
8059,78.833
8060,77.22200000000001
8061,74.119
8062,72.09400000000001
8063,75.877
8064,75.64
8065,71.123
8066,69.995
8067,67.214
8068,64.81
8069,64.049
8070,64.831
8071,65.979
8072,67.546
8073,69.807
8074,72.744
8075,74.383
8076,75.162
8077,76.183
8078,71.836
8079,69.148
8080,68.049
8081,69.399
8082,74.16
8083,77.148
8084,76.581
8085,73.657
8086,71.044
8087,73.998
8088,72.877
8089,68.22200000000001
8090,67.422
8091,65.206
8092,63.344
8093,63.84
8094,68.001
8095,75.498
8096,80.295
8097,80.156
8098,80.328
8099,79.61
8100,79.563
8101,78.691
8102,77.02
8103,75.284
8104,74.369
8105,75.342
8106,79.686
8107,82.236
8108,79.327
8109,74.727
8110,71.197
8111,73.531
8112,72.362
8113,67.96000000000001
8114,67.378
8115,65.20100000000001
8116,63.651
8117,64.022
8118,67.852
8119,75.172
8120,79.44500000000001
8121,79.282
8122,79.05
8123,78.542
8124,78.796
8125,77.84
8126,75.995
8127,73.913
8128,72.931
8129,74.29
8130,78.789
8131,81.369
8132,78.424
8133,74.193
8134,70.636
8135,73.111
8136,71.822
8137,67.07300000000001
8138,66.537
8139,64.47200000000001
8140,62.514
8141,62.829
8142,66.71000000000001
8143,74.042
8144,78.68
8145,79.433
8146,79.627
8147,79.306
8148,79.872
8149,79.407
8150,77.485
8151,75.491
8152,74.935
8153,75.798
8154,80.036
8155,82.424
8156,79.741
8157,75.568
8158,72.503
8159,75.13
8160,74.188
8161,69.87
8162,69.694
8163,67.444
8164,65.568
8165,65.87
8166,69.748
8167,77.284
8168,81.744
8169,81.408
8170,81.196
8171,80.797
8172,80.811
8173,79.773
8174,77.872
8175,75.731
8176,74.78
8177,75.71000000000001
8178,79.501
8179,81.58200000000001
8180,78.298
8181,73.508
8182,69.752
8183,71.858
8184,70.639
8185,65.858
8186,64.596
8187,62.322
8188,60.545
8189,60.972
8190,64.968
8191,72.336
8192,77.413
8193,77.565
8194,77.745
8195,77.491
8196,77.784
8197,77.21300000000001
8198,75.175
8199,73.551
8200,72.57900000000001
8201,73.87
8202,79.162
8203,80.86
8204,78.598
8205,74.82600000000001
8206,71.778
8207,75.038
8208,73.851
8209,69.015
8210,67.471
8211,64.994
8212,62.888
8213,62.504
8214,63.97
8215,66.764
8216,69.71900000000001
8217,72.236
8218,74.09700000000001
8219,73.91
8220,73.32600000000001
8221,73.43900000000001
8222,70.98
8223,68.515
8224,68.648
8225,69.84
8226,74.285
8227,76.07600000000001
8228,74.32900000000001
8229,71.312
8230,69.148
8231,72.562
8232,72.027
8233,67.543
8234,66.124
8235,63.469
8236,60.776
8237,59.859
8238,60.293
8239,61.318
8240,62.99
8241,64.803
8242,68.053
8243,69.795
8244,71.20100000000001
8245,72.01
8246,68.215
8247,65.909
8248,64.634
8249,65.331
8250,68.979
8251,71.238
8252,70.227
8253,67.12
8254,64.107
8255,66.57900000000001
8256,65.54
8257,61.405
8258,60.151
8259,57.975
8260,55.826
8261,56.370000000000005
8262,60.426
8263,68.08200000000001
8264,73.109
8265,73.69200000000001
8266,74.74
8267,75.263
8268,76.876
8269,76.96600000000001
8270,76.054
8271,74.71000000000001
8272,74.33200000000001
8273,75.128
8274,78.757
8275,81.429
8276,78.268
8277,73.554
8278,69.744
8279,72.561
8280,71.336
8281,66.729
8282,65.912
8283,63.905
8284,62.356
8285,62.845
8286,67.187
8287,75.10300000000001
8288,80.19200000000001
8289,80.235
8290,80.081
8291,79.24
8292,78.996
8293,78.023
8294,75.656
8295,73.432
8296,72.431
8297,74.107
8298,79.532
8299,82.632
8300,79.95100000000001
8301,75.949
8302,72.461
8303,75.158
8304,73.96900000000001
8305,68.94
8306,68.461
8307,66.364
8308,64.572
8309,64.71000000000001
8310,68.95
8311,76.183
8312,80.697
8313,81.246
8314,80.967
8315,80.539
8316,80.759
8317,80.169
8318,78.696
8319,76.993
8320,76.169
8321,76.697
8322,80.02
8323,81.784
8324,78.546
8325,73.622
8326,69.75
8327,71.783
8328,70.71300000000001
8329,65.997
8330,64.758
8331,62.771
8332,60.689
8333,60.83
8334,64.745
8335,72.45
8336,77.286
8337,77.19200000000001
8338,76.885
8339,76.72500000000001
8340,77.07300000000001
8341,76.82000000000001
8342,75.14
8343,73.751
8344,72.961
8345,74.024
8346,78.008
8347,80.412
8348,77.303
8349,72.801
8350,69.346
8351,71.513
8352,70.488
8353,65.892
8354,64.758
8355,62.286
8356,60.197
8357,60.554
8358,64.644
8359,72.419
8360,77.633
8361,77.58
8362,77.36
8363,76.892
8364,77.059
8365,76.647
8366,74.581
8367,72.539
8368,71.772
8369,72.943
8370,77.566
8371,79.102
8372,76.888
8373,72.675
8374,69.867
8375,73.115
8376,71.929
8377,66.545
8378,65.034
8379,62.512
8380,60.242000000000004
8381,59.641
8382,61.321
8383,64.008
8384,67.141
8385,69.278
8386,71.12
8387,70.856
8388,71.426
8389,72.293
8390,68.96000000000001
8391,66.699
8392,65.59100000000001
8393,66.906
8394,72.275
8395,74.55
8396,73.519
8397,70.406
8398,68.337
8399,71.926
8400,71.95700000000001
8401,66.93
8402,65.447
8403,62.843
8404,60.42
8405,59.49
8406,60.268
8407,61.636
8408,63.887
8409,65.712
8410,68.648
8411,70.113
8412,71.17
8413,72.037
8414,68.21000000000001
8415,65.846
8416,64.958
8417,65.825
8418,71.098
8419,73.845
8420,73.581
8421,70.63
8422,68.057
8423,71.047
8424,70.303
8425,66.199
8426,64.955
8427,62.542
8428,60.236000000000004
8429,60.473
8430,64.665
8431,72.041
8432,77.237
8433,77.763
8434,78.263
8435,78.105
8436,78.453
8437,78.018
8438,76.584
8439,74.44200000000001
8440,73.035
8441,73.982
8442,78.626
8443,81.294
8444,78.72200000000001
8445,74.327
8446,71.084
8447,73.545
8448,72.559
8449,68.38
8450,67.513
8451,65.46600000000001
8452,63.727000000000004
8453,64.385
8454,68.668
8455,76.57900000000001
8456,81.912
8457,81.909
8458,81.386
8459,80.315
8460,80.124
8461,79.132
8462,77.08200000000001
8463,75.015
8464,74.20700000000001
8465,75.559
8466,80.416
8467,82.964
8468,80.409
8469,76.016
8470,72.727
8471,74.914
8472,73.781
8473,68.885
8474,68.45700000000001
8475,66.125
8476,64.049
8477,64.20700000000001
8478,67.989
8479,74.833
8480,79.732
8481,80.095
8482,79.98100000000001
8483,79.79
8484,80.09
8485,79.521
8486,77.57600000000001
8487,75.361
8488,74.527
8489,75.264
8490,78.959
8491,80.822
8492,77.992
8493,73.387
8494,70.071
8495,72.062
8496,70.91
8497,65.574
8498,65.083
8499,62.648
8500,60.495000000000005
8501,60.449
8502,63.941
8503,71.005
8504,76.253
8505,76.08800000000001
8506,75.757
8507,75.214
8508,75.392
8509,75.015
8510,73.21300000000001
8511,71.574
8512,70.613
8513,71.377
8514,75.333
8515,77.131
8516,74.181
8517,69.819
8518,66.625
8519,68.807
8520,67.84400000000001
8521,62.781
8522,61.6
8523,59.106
8524,57.082
8525,57.1
8526,60.338
8527,67.685
8528,72.307
8529,72.28
8530,72.068
8531,71.509
8532,71.512
8533,71.418
8534,69.137
8535,67.125
8536,65.906
8537,66.346
8538,70.145
8539,71.264
8540,69.015
8541,65.319
8542,62.684000000000005
8543,65.366
8544,64.035
8545,58.949
8546,57.468
8547,54.672000000000004
8548,52.410000000000004
8549,51.818
8550,53.021
8551,55.334
8552,58.17
8553,60.045
8554,61.949
8555,62.287
8556,63.063
8557,64.668
8558,61.945
8559,59.892
8560,59.094
8561,59.494
8562,63.285000000000004
8563,65.132
8564,63.841
8565,61.015
8566,58.959
8567,62.230000000000004
8568,61.932
8569,57.491
8570,56.308
8571,53.751
8572,51.571
8573,50.741
8574,51.522
8575,52.915
8576,55.067
8577,56.919000000000004
8578,59.437000000000005
8579,60.72
8580,61.476
8581,63.322
8582,60.765
8583,59.08
8584,58.382
8585,59.252
8586,63.215
8587,63.407000000000004
8588,61.278
8589,59.047000000000004
8590,57.951
8591,62.094
8592,62.96
8593,59.767
8594,59.005
8595,56.395
8596,53.347
8597,51.963
8598,52.327
8599,53.135
8600,54.321
8601,55.134
8602,57.603
8603,59.479
8604,60.352000000000004
8605,61.546
8606,58.322
8607,55.844
8608,55.056000000000004
8609,55.967
8610,60.432
8611,62.649
8612,62.957
8613,61.752
8614,59.734
8615,63.488
8616,62.639
8617,58.284
8618,57.472
8619,55.132
8620,53.112
8621,53.011
8622,55.549
8623,59.11
8624,62.447
8625,64.159
8626,66.32300000000001
8627,67.153
8628,68.281
8629,69.15
8630,66.71900000000001
8631,64.687
8632,63.603
8633,64.645
8634,68.673
8635,70.623
8636,68.801
8637,65.489
8638,62.772
8639,65.709
8640,64.672
8641,59.988
8642,58.776
8643,56.45
8644,54.201
8645,54.122
8646,56.426
8647,60.419000000000004
8648,64.087
8649,66.121
8650,68.277
8651,69.45
8652,70.76
8653,71.624
8654,69.534
8655,68.009
8656,67.485
8657,68.555
8658,72.992
8659,75.28
8660,73.256
8661,69.609
8662,67.083
8663,70.288
8664,69.312
8665,65.002
8666,64.162
8667,61.882
8668,59.886
8669,59.851
8670,62.425000000000004
8671,66.498
8672,70.221
8673,72.095
8674,73.58500000000001
8675,73.758
8676,73.956
8677,74.106
8678,71.303
8679,69.099
8680,68.028
8681,69.14
8682,74.553
8683,76.959
8684,74.904
8685,71.041
8686,68.402
8687,71.395
8688,70.524
8689,66.15
8690,65.217
8691,62.913000000000004
8692,60.81
8693,60.622
8694,62.977000000000004
8695,66.437
8696,69.874
8697,71.71000000000001
8698,73.803
8699,74.479
8700,75.729
8701,76.671
8702,74.21900000000001
8703,71.78
8704,70.08
8705,70.04
8706,73.735
8707,75.229
8708,72.632
8709,68.612
8710,65.633
8711,68.19500000000001
8712,67.16
8713,62.467
8714,60.847
8715,57.863
8716,55.351
8717,54.437
8718,55.281
8719,56.653
8720,58.333
8721,59.495000000000005
8722,61.264
8723,61.777
8724,62.612
8725,64.176
8726,61.535000000000004
8727,59.209
8728,57.783
8729,57.789
8730,61.528
8731,63.426
8732,62.468
8733,59.599000000000004
8734,57.276
8735,60.514
8736,60.109
8737,55.634
8738,54.322
8739,51.659
8740,49.121
8741,47.902
8742,48.67
8743,50.083
8744,51.693
8745,53.197
8746,55.562
8747,56.875
8748,57.889
8749,59.778
8750,57.292
8751,55.622
8752,54.678000000000004
8753,55.752
8754,60.453
8755,61.791000000000004
8756,60.105000000000004
8757,57.535000000000004
8758,56.233000000000004
8759,60.642
